0 0.7415 0.4633333333333333 0.0185 0.018666666666666668
10 0.7015 0.484 0.023 0.023333333333333334
9 0.6705 0.49666666666666665 0.022 0.018666666666666668
8 0.644 0.51 0.026 0.021333333333333333
2 0.596 0.5246666666666666 0.02 0.018666666666666668
7 0.613 0.5273333333333333 0.0315 0.026
6 0.5825 0.542 0.0255 0.02666666666666667
5 0.556 0.556 0.03 0.019333333333333334
4 0.5255 0.5706666666666667 0.0285 0.024666666666666667
3 0.5015 0.584 0.0285 0.023333333333333334
2 0.4755 0.5946666666666667 0.019 0.023333333333333334
0 0.4245 0.6233333333333333 0.043 0.029333333333333333