0 0.9775 0.014 0.043 0.028
0 0.9255 0.15466666666666667 0.025 0.028
0 0.681 0.34 0.044 0.030666666666666665
8 0.959 0.036 0.03 0.025333333333333333
35 0.641 0.3893333333333333 0.051 0.03333333333333333
18 0.6135 0.41733333333333333 0.046 0.028
0 0.6985 0.43266666666666664 0.023 0.024
15 0.5885 0.446 0.043 0.025333333333333333
11 0.6725 0.4746666666666667 0.031 0.037333333333333336
3 0.5595 0.48 0.044 0.024
18 0.6395 0.504 0.033 0.037333333333333336
12 0.528 0.5093333333333333 0.038 0.028
6 0.9415 0.054 0.031 0.024
2 0.506 0.5373333333333333 0.031 0.021333333333333333
28 0.613 0.538 0.033 0.03333333333333333
11 0.479 0.5726666666666667 0.037 0.030666666666666665
11 0.5885 0.5766666666666667 0.03 0.04133333333333333
28 0.5465 0.6153333333333333 0.047 0.05466666666666667
0 0.435 0.618 0.051 0.04533333333333334
0 0.5145 0.658 0.037 0.036
4 0.926 0.07066666666666667 0.023 0.012
24 0.9895 0.07533333333333334 0.019 0.04133333333333333
2 0.9155 0.08533333333333333 0.023 0.012
15 0.972 0.10066666666666667 0.023 0.032
0 0.8975 0.10533333333333333 0.03 0.021333333333333333
23 0.9505 0.12466666666666666 0.028 0.04