0 0.4435 0.2966666666666667 0.048 0.03866666666666667
20 0.4455 0.35533333333333333 0.0505 0.034666666666666665
1 0.4475 0.39266666666666666 0.0505 0.024
1 0.4555 0.04066666666666666 0.044 0.02666666666666667
2 0.4525 0.42866666666666664 0.0465 0.028
0 0.4555 0.4706666666666667 0.048 0.036
2 0.4575 0.06866666666666667 0.044 0.013333333333333334
0 0.4355 0.7613333333333333 0.0585 0.04666666666666667
2 0.4395 0.822 0.0505 0.02666666666666667
1 0.4415 0.8586666666666667 0.0535 0.030666666666666665
3 0.4425 0.896 0.044 0.03333333333333333
0 0.4395 0.9606666666666667 0.0495 0.03866666666666667
0 0.458 0.10733333333333334 0.0415 0.036
2 0.4535 0.012666666666666666 0.0495 0.012