0 0.3025 0.5273333333333333 0.05 0.03133333333333333
2 0.3605 0.5386666666666666 0.018 0.021333333333333333
3 0.3875 0.5453333333333333 0.021 0.021333333333333333
4 0.421 0.5506666666666666 0.0225 0.022
5 0.455 0.5586666666666666 0.022 0.023333333333333334
6 0.491 0.566 0.025 0.023333333333333334
7 0.5265 0.5746666666666667 0.0305 0.023333333333333334
8 0.5715 0.5813333333333334 0.022 0.02266666666666667
9 0.603 0.59 0.022 0.018666666666666668
10 0.639 0.5993333333333334 0.0235 0.024
0 0.6935 0.6113333333333333 0.028 0.02