0 0.3465 0.33466666666666667 0.027 0.02
0 0.248 0.3586666666666667 0.039 0.04666666666666667
11 0.392 0.36 0.028 0.02266666666666667
18 0.426 0.38533333333333336 0.03 0.02666666666666667
35 0.3065 0.39 0.036 0.05333333333333334
28 0.4605 0.4086666666666667 0.021 0.025333333333333333
18 0.3415 0.416 0.028 0.04666666666666667
11 0.5005 0.4266666666666667 0.023 0.024
15 0.376 0.438 0.025 0.04533333333333334
28 0.539 0.45866666666666667 0.033 0.04
3 0.4155 0.46 0.023 0.04666666666666667
0 0.587 0.48133333333333334 0.038 0.029333333333333333
12 0.4465 0.486 0.027 0.04133333333333333
2 0.48 0.5033333333333333 0.021 0.032
11 0.517 0.5226666666666666 0.024 0.037333333333333336
0 0.5625 0.5566666666666666 0.045 0.05333333333333334