8 0.606 0.51 0.0235 0.020666666666666667
4 0.4525 0.51 0.0195 0.023333333333333334
2 0.387 0.5106666666666667 0.017 0.023333333333333334
5 0.489 0.5106666666666667 0.0215 0.021333333333333333
3 0.4195 0.5113333333333333 0.02 0.021333333333333333
0 0.3265 0.5113333333333333 0.0485 0.03133333333333333
6 0.526 0.5113333333333333 0.021 0.026
7 0.563 0.5113333333333333 0.031 0.02266666666666667
9 0.6435 0.5113333333333333 0.019 0.02
10 0.682 0.5126666666666667 0.02 0.024
0 0.7395 0.5133333333333333 0.0255 0.019333333333333334