2 0.062 0.15733333333333333 0.045 0.030666666666666665
1 0.086 0.17333333333333334 0.051 0.030666666666666665
2 0.112 0.192 0.047 0.029333333333333333
0 0.1465 0.21866666666666668 0.045 0.029333333333333333
0 0.3115 0.374 0.052 0.037333333333333336
20 0.373 0.41533333333333333 0.075 0.042666666666666665
1 0.414 0.45066666666666666 0.059 0.042666666666666665
2 0.453 0.48333333333333334 0.058 0.04666666666666667
0 0.505 0.5146666666666667 0.052 0.037333333333333336
0 0.876 0.85 0.079 0.06666666666666667
2 0.9735 0.9326666666666666 0.051 0.04666666666666667
0 0.023 0.13133333333333333 0.044 0.032