0 0.9745 0.3353333333333333 0.0505 0.06066666666666667
9 0.748 0.3353333333333333 0.048 0.056
8 0.6625 0.33666666666666667 0.056 0.058
10 0.847 0.33866666666666667 0.0675 0.07666666666666666
7 0.562 0.3433333333333333 0.07 0.06266666666666666
6 0.478 0.3433333333333333 0.0495 0.06866666666666667
4 0.325 0.344 0.049 0.058666666666666666
5 0.4005 0.344 0.043 0.058666666666666666
3 0.257 0.346 0.047 0.056
2 0.203 0.3486666666666667 0.0375 0.058666666666666666
0 0.09 0.35533333333333333 0.0925 0.07866666666666666
1 0.054 0.6306666666666667 0.057 0.035333333333333335
2 0.1135 0.632 0.058 0.04
0 0.176 0.6333333333333333 0.0605 0.03866666666666667
0 0.692 0.6673333333333333 0.085 0.03333333333333333
1 0.885 0.67 0.061 0.04
2 0.8105 0.6713333333333333 0.05 0.03666666666666667