0 0.283 0.2753333333333333 0.093 0.048
2 0.378 0.31066666666666665 0.054 0.037333333333333336
4 0.445 0.33 0.052 0.03866666666666667
0 0.134 0.3506666666666667 0.092 0.08133333333333333
6 0.5265 0.36 0.058 0.04666666666666667
23 0.2705 0.39466666666666667 0.118 0.08533333333333333
8 0.64 0.398 0.06 0.05333333333333334
15 0.381 0.44066666666666665 0.083 0.07066666666666667
0 0.741 0.44066666666666665 0.109 0.05466666666666667
24 0.495 0.474 0.123 0.06
11 0.586 0.5233333333333333 0.078 0.058666666666666666
13 0.69 0.5546666666666666 0.091 0.06933333333333333
15 0.797 0.5973333333333334 0.094 0.06666666666666667
0 0.94 0.642 0.079 0.048