0 0.3255 0.334 0.045 0.02666666666666667
11 0.36 0.36333333333333334 0.038 0.02
2 0.392 0.38066666666666665 0.03 0.018666666666666668
0 0.277 0.39466666666666667 0.028 0.03866666666666667
12 0.4205 0.3993333333333333 0.045 0.021333333333333333
28 0.3125 0.41533333333333333 0.033 0.04666666666666667
3 0.4475 0.424 0.042 0.028
15 0.486 0.44866666666666666 0.045 0.032
11 0.346 0.45 0.024 0.036
28 0.3775 0.468 0.023 0.04
18 0.5215 0.472 0.05 0.034666666666666665
18 0.412 0.49533333333333335 0.025 0.04533333333333334
35 0.5575 0.5 0.064 0.042666666666666665
11 0.447 0.526 0.029 0.04
0 0.6285 0.546 0.052 0.036
0 0.4905 0.554 0.028 0.028