0 0.812 0.24133333333333334 0.095 0.08533333333333333
10 0.656 0.36666666666666664 0.097 0.104
9 0.5625 0.43333333333333335 0.073 0.072
8 0.487 0.482 0.089 0.06266666666666666
7 0.423 0.5493333333333333 0.082 0.072
6 0.365 0.5913333333333334 0.066 0.07066666666666667
5 0.321 0.6306666666666667 0.067 0.042666666666666665
4 0.276 0.6633333333333333 0.052 0.05466666666666667
3 0.247 0.6933333333333334 0.055 0.050666666666666665
2 0.2175 0.7113333333333334 0.044 0.04666666666666667
0 0.1695 0.754 0.067 0.06533333333333333