0 0.9735 0.2773333333333333 0.0255 0.02
0 0.9655 0.32866666666666666 0.0245 0.027333333333333334
0 0.657 0.4106666666666667 0.0405 0.025333333333333333
35 0.5965 0.43866666666666665 0.0455 0.034
18 0.555 0.4533333333333333 0.038 0.03
15 0.518 0.4706666666666667 0.0355 0.03266666666666666
3 0.48 0.4886666666666667 0.0365 0.028666666666666667
0 0.616 0.49066666666666664 0.028 0.018666666666666668
12 0.4345 0.5046666666666667 0.031 0.03666666666666667
11 0.571 0.5126666666666667 0.029 0.028666666666666667
2 0.398 0.52 0.026 0.022
18 0.5265 0.5313333333333333 0.0295 0.027333333333333334
11 0.363 0.5393333333333333 0.027 0.029333333333333333
28 0.488 0.5493333333333333 0.028 0.028
0 0.2965 0.564 0.0565 0.03666666666666667
11 0.4465 0.5713333333333334 0.026 0.027333333333333334
28 0.3905 0.5873333333333334 0.043 0.029333333333333333
0 0.3405 0.62 0.0415 0.022