0 0.183 0.30333333333333334 0.0195 0.03333333333333333
2 0.207 0.30933333333333335 0.0095 0.024666666666666667
3 0.2215 0.312 0.0115 0.025333333333333333
4 0.236 0.31533333333333335 0.011 0.025333333333333333
5 0.2545 0.32 0.0135 0.02666666666666667
6 0.2725 0.324 0.012 0.028666666666666667
7 0.2925 0.33066666666666666 0.02 0.029333333333333333
8 0.3175 0.33466666666666667 0.014 0.028666666666666667
9 0.3395 0.3406666666666667 0.0145 0.026
10 0.365 0.34933333333333333 0.0135 0.034
0 0.4045 0.358 0.0195 0.028