0 0.2595 0.45866666666666667 0.103 0.05533333333333333
2 0.368 0.49666666666666665 0.0575 0.042666666666666665
4 0.4355 0.516 0.0555 0.043333333333333335
0 0.1105 0.524 0.097 0.059333333333333335
6 0.5155 0.546 0.0545 0.050666666666666665
23 0.2565 0.57 0.115 0.06666666666666667
8 0.6275 0.582 0.056 0.056
15 0.3725 0.6126666666666667 0.083 0.050666666666666665
0 0.721 0.622 0.0965 0.06
24 0.4835 0.646 0.1185 0.04733333333333333
11 0.572 0.6893333333333334 0.0745 0.037333333333333336
13 0.6645 0.716 0.0855 0.04733333333333333
15 0.755 0.75 0.086 0.04466666666666667
0 0.8715 0.7853333333333333 0.059 0.03