10 0.6525 0.14333333333333334 0.044 0.06133333333333333
9 0.5965 0.17866666666666667 0.037 0.04666666666666667
8 0.5405 0.214 0.049 0.04933333333333333
7 0.481 0.27 0.057 0.064
6 0.422 0.316 0.049 0.068
5 0.367 0.35733333333333334 0.056 0.050666666666666665
4 0.307 0.4046666666666667 0.045 0.06666666666666667
3 0.2525 0.45066666666666666 0.044 0.07066666666666667
2 0.2005 0.4866666666666667 0.036 0.068
0 0.097 0.5686666666666667 0.089 0.08133333333333333
0 0.728 0.08466666666666667 0.036 0.04666666666666667