6 0.9785 0.18933333333333333 0.022 0.016
4 0.9595 0.19866666666666666 0.02 0.014666666666666666
2 0.947 0.20666666666666667 0.017 0.014666666666666666
0 0.923 0.22 0.022 0.018666666666666668
15 0.9815 0.23733333333333334 0.014 0.029333333333333333
23 0.956 0.25133333333333335 0.022 0.034666666666666665
0 0.9225 0.27066666666666667 0.022 0.028
0 0.642 0.364 0.04 0.02666666666666667
35 0.5855 0.39466666666666667 0.05 0.034666666666666665
18 0.546 0.4126666666666667 0.042 0.028
15 0.511 0.43133333333333335 0.04 0.029333333333333333
0 0.6135 0.4493333333333333 0.027 0.021333333333333333
3 0.472 0.4533333333333333 0.04 0.028
12 0.4265 0.472 0.035 0.032
11 0.5705 0.47933333333333333 0.031 0.037333333333333336
2 0.392 0.49133333333333334 0.032 0.02266666666666667
18 0.527 0.49866666666666665 0.028 0.03333333333333333
11 0.355 0.514 0.033 0.032
28 0.489 0.522 0.03 0.034666666666666665
0 0.2875 0.5466666666666666 0.059 0.037333333333333336
11 0.449 0.5506666666666666 0.033 0.034666666666666665
28 0.3935 0.576 0.046 0.04933333333333333
0 0.3445 0.6086666666666667 0.045 0.02666666666666667