0 0.651 0.35533333333333333 0.066 0.07
8 0.585 0.38 0.035 0.04733333333333333
6 0.532 0.4053333333333333 0.029 0.05333333333333334
4 0.4925 0.422 0.024 0.043333333333333335
0 0.882 0.42866666666666664 0.0695 0.054
2 0.4605 0.43533333333333335 0.022 0.03866666666666667
0 0.422 0.4553333333333333 0.0375 0.05333333333333334
15 0.78 0.4613333333333333 0.08 0.06666666666666667
13 0.698 0.47933333333333333 0.07 0.059333333333333335
11 0.646 0.502 0.048 0.056
24 0.5715 0.5093333333333333 0.0565 0.07533333333333334
15 0.5225 0.534 0.051 0.05466666666666667
23 0.4695 0.5473333333333333 0.0595 0.058
0 0.421 0.5646666666666667 0.0505 0.05733333333333333