15 0.1085 0.14266666666666666 0.0495 0.017333333333333333
18 0.108 0.168 0.0535 0.018666666666666668
0 0.1075 0.018666666666666668 0.06 0.02666666666666667
35 0.1075 0.19866666666666666 0.0545 0.025333333333333333
0 0.022 0.226 0.016 0.025333333333333333
0 0.1095 0.24733333333333332 0.0585 0.036
11 0.1075 0.04933333333333333 0.04 0.014666666666666666
0 0.1055 0.6406666666666667 0.0625 0.048
2 0.108 0.068 0.036 0.013333333333333334
2 0.1085 0.694 0.0455 0.028
4 0.1115 0.734 0.048 0.025333333333333333
6 0.1115 0.7826666666666666 0.0535 0.036
8 0.1105 0.8513333333333334 0.052 0.042666666666666665
12 0.1115 0.09133333333333334 0.0505 0.018666666666666668
0 0.1125 0.926 0.076 0.072
3 0.1095 0.11533333333333333 0.0465 0.017333333333333333