15 0.693 0.20466666666666666 0.066 0.096
0 0.523 0.208 0.059 0.09066666666666667
8 0.4625 0.2906666666666667 0.057 0.056
13 0.6305 0.294 0.071 0.10266666666666667
11 0.5825 0.38333333333333336 0.059 0.084
6 0.402 0.392 0.046 0.06133333333333333
4 0.355 0.46066666666666667 0.04 0.06266666666666666
24 0.511 0.4653333333333333 0.069 0.144
2 0.3215 0.5233333333333333 0.037 0.05466666666666667
15 0.454 0.5733333333333334 0.073 0.11066666666666666
0 0.2565 0.6213333333333333 0.054 0.09066666666666667
23 0.386 0.6753333333333333 0.097 0.13866666666666666
0 0.308 0.8133333333333334 0.088 0.08533333333333333
0 0.754 0.09533333333333334 0.046 0.06666666666666667