11 0.666 0.14 0.103 0.06133333333333333
28 0.4165 0.216 0.206 0.14
2 0.7485 0.22466666666666665 0.075 0.06266666666666666
12 0.8075 0.32133333333333336 0.115 0.07466666666666667
11 0.491 0.376 0.17 0.09866666666666667
3 0.8745 0.43266666666666664 0.101 0.07733333333333334
28 0.596 0.464 0.16 0.11066666666666666
15 0.9525 0.5333333333333333 0.093 0.08533333333333333
18 0.6715 0.576 0.17 0.12133333333333333
11 0.7545 0.718 0.176 0.1
0 0.8735 0.8246666666666667 0.117 0.09466666666666666
0 0.321 0.10733333333333334 0.114 0.116