0 0.7325 0.26666666666666666 0.06 0.030666666666666665
35 0.6485 0.31133333333333335 0.064 0.04133333333333333
18 0.5935 0.33466666666666667 0.05 0.036
15 0.543 0.36133333333333334 0.045 0.03333333333333333
0 0.6935 0.382 0.042 0.032
3 0.491 0.3893333333333333 0.048 0.032
12 0.432 0.41333333333333333 0.042 0.037333333333333336
11 0.6405 0.4186666666666667 0.042 0.04933333333333333
2 0.384 0.43466666666666665 0.037 0.02666666666666667
18 0.572 0.446 0.052 0.04666666666666667
11 0.341 0.46266666666666667 0.034 0.036
28 0.5175 0.47333333333333333 0.048 0.044
0 0.2585 0.498 0.07 0.04133333333333333
11 0.471 0.5093333333333333 0.041 0.048
28 0.392 0.536 0.068 0.06133333333333333
0 0.3315 0.5713333333333334 0.056 0.030666666666666665