12 0.4285 0.49533333333333335 0.044 0.04
2 0.3585 0.49733333333333335 0.036 0.029333333333333333
3 0.495 0.49733333333333335 0.042 0.034666666666666665
18 0.6295 0.49733333333333335 0.044 0.034666666666666665
0 0.809 0.49733333333333335 0.073 0.04133333333333333
11 0.295 0.498 0.041 0.034666666666666665
15 0.5675 0.498 0.039 0.037333333333333336
35 0.7 0.498 0.054 0.037333333333333336
0 0.196 0.49933333333333335 0.09 0.050666666666666665
0 0.687 0.5826666666666667 0.05 0.029333333333333333
11 0.605 0.586 0.053 0.04133333333333333
28 0.4575 0.5866666666666667 0.048 0.04666666666666667
18 0.528 0.588 0.046 0.03866666666666667
28 0.29 0.5893333333333334 0.075 0.052
11 0.3835 0.5913333333333334 0.058 0.04
0 0.2045 0.5966666666666667 0.079 0.042666666666666665