0 0.8175 0.398 0.067 0.036
35 0.7165 0.404 0.06 0.036
18 0.6485 0.4053333333333333 0.048 0.032
15 0.588 0.408 0.039 0.032
3 0.5225 0.4106666666666667 0.043 0.032
12 0.4565 0.412 0.043 0.037333333333333336
2 0.391 0.414 0.039 0.028
11 0.3315 0.4186666666666667 0.038 0.032
0 0.2345 0.42333333333333334 0.086 0.044
0 0.7095 0.484 0.051 0.03333333333333333
11 0.6305 0.49266666666666664 0.05 0.042666666666666665
18 0.559 0.49733333333333335 0.042 0.044
28 0.4925 0.49933333333333335 0.042 0.04666666666666667
28 0.3325 0.508 0.068 0.05466666666666667
11 0.4215 0.508 0.053 0.04533333333333334
0 0.2515 0.516 0.08 0.044