0 0.939 0.6893333333333334 0.1205 0.13
35 0.755 0.702 0.088 0.11933333333333333
18 0.644 0.7053333333333334 0.062 0.10533333333333333
15 0.545 0.712 0.0485 0.10733333333333334
12 0.3495 0.7146666666666667 0.061 0.10533333333333333
3 0.4385 0.7146666666666667 0.063 0.09733333333333333
2 0.258 0.7233333333333334 0.0465 0.076
11 0.175 0.7293333333333333 0.0545 0.08866666666666667
0 0.06 0.74 0.1045 0.128
0 0.75 0.9473333333333334 0.0835 0.08466666666666667
35 0.19 0.9473333333333334 0.106 0.10266666666666667
11 0.6345 0.9506666666666667 0.085 0.096
11 0.3225 0.958 0.065 0.08133333333333333
0 0.092 0.9626666666666667 0.09 0.072