0 0.891 0.5093333333333333 0.049 0.03866666666666667
9 0.7215 0.5133333333333333 0.033 0.03866666666666667
10 0.7905 0.5146666666666667 0.033 0.04666666666666667
8 0.6555 0.516 0.042 0.04
7 0.5785 0.5213333333333333 0.059 0.042666666666666665
6 0.5075 0.5233333333333333 0.039 0.04666666666666667
5 0.4435 0.526 0.041 0.04133333333333333
4 0.3725 0.5293333333333333 0.036 0.042666666666666665
3 0.3095 0.5333333333333333 0.04 0.042666666666666665
2 0.246 0.5353333333333333 0.031 0.04533333333333334
0 0.129 0.5406666666666666 0.096 0.06533333333333333