0 0.3905 0.456 0.053 0.03133333333333333
2 0.4455 0.478 0.0305 0.022
4 0.481 0.49 0.0265 0.023333333333333334
0 0.3015 0.49066666666666664 0.0575 0.035333333333333335
6 0.523 0.508 0.032 0.028
23 0.378 0.5186666666666667 0.067 0.042
8 0.5805 0.5313333333333333 0.0305 0.03266666666666666
15 0.438 0.5453333333333333 0.048 0.034666666666666665
0 0.6305 0.5546666666666666 0.0515 0.03266666666666666
24 0.4985 0.5646666666666667 0.067 0.034666666666666665
11 0.547 0.5933333333333334 0.043 0.025333333333333333
13 0.596 0.61 0.0475 0.03133333333333333
15 0.648 0.6313333333333333 0.044 0.029333333333333333
0 0.712 0.6566666666666666 0.039 0.022