0 0.3785 0.406 0.0345 0.06533333333333333
0 0.126 0.4073333333333333 0.0175 0.042666666666666665
2 0.107 0.408 0.0075 0.046
2 0.339 0.4093333333333333 0.0255 0.06466666666666666
1 0.0925 0.4106666666666667 0.014 0.04466666666666667
1 0.967 0.4106666666666667 0.064 0.12533333333333332
2 0.079 0.4126666666666667 0.0075 0.04733333333333333
1 0.3095 0.414 0.0205 0.06666666666666667
0 0.0595 0.41733333333333333 0.017 0.04466666666666667
2 0.883 0.41733333333333333 0.053 0.11666666666666667
20 0.2805 0.4186666666666667 0.028 0.06266666666666666
0 0.238 0.42133333333333334 0.026 0.06
0 0.764 0.42866666666666664 0.0895 0.11933333333333333