26 0.885 0.248 0.037 0.028
27 0.1035 0.262 0.041 0.029333333333333333
27 0.2065 0.26266666666666666 0.042 0.02666666666666667
27 0.306 0.26466666666666666 0.04 0.025333333333333333
27 0.482 0.266 0.033 0.02266666666666667
27 0.3975 0.26666666666666666 0.037 0.024
27 0.635 0.2673333333333333 0.029 0.02
27 0.563 0.268 0.034 0.024
27 0.704 0.26866666666666666 0.032 0.02266666666666667
27 0.772 0.27066666666666667 0.038 0.028
27 0.846 0.2786666666666667 0.045 0.032
27 0.902 0.2826666666666667 0.047 0.030666666666666665
28 0.746 0.30733333333333335 0.038 0.02666666666666667
28 0.8175 0.30933333333333335 0.035 0.030666666666666665
28 0.455 0.31 0.039 0.032
28 0.1 0.31066666666666665 0.043 0.03866666666666667
28 0.8655 0.31066666666666665 0.029 0.032
28 0.6045 0.31066666666666665 0.042 0.034666666666666665
28 0.6765 0.31066666666666665 0.034 0.030666666666666665
28 0.5205 0.31266666666666665 0.042 0.032
28 0.1905 0.31266666666666665 0.043 0.034666666666666665
28 0.382 0.31333333333333335 0.033 0.028
28 0.8925 0.31333333333333335 0.03 0.029333333333333333
28 0.284 0.314 0.04 0.02666666666666667
29 0.5215 0.36333333333333334 0.038 0.030666666666666665
29 0.0895 0.36333333333333334 0.045 0.029333333333333333
29 0.4505 0.364 0.047 0.02666666666666667
29 0.667 0.364 0.037 0.025333333333333333
29 0.8405 0.36466666666666664 0.031 0.024
29 0.891 0.36466666666666664 0.035 0.024
29 0.79 0.36466666666666664 0.036 0.024
29 0.733 0.36466666666666664 0.041 0.02666666666666667
29 0.257 0.36466666666666664 0.04 0.024
29 0.5895 0.36533333333333334 0.037 0.02666666666666667
29 0.365 0.366 0.031 0.028
29 0.1645 0.366 0.047 0.029333333333333333
30 0.8515 0.39666666666666667 0.029 0.021333333333333333
30 0.902 0.3973333333333333 0.04 0.024
30 0.796 0.3993333333333333 0.038 0.02666666666666667
30 0.6705 0.404 0.042 0.02
30 0.364 0.404 0.041 0.025333333333333333
30 0.739 0.4046666666666667 0.035 0.02666666666666667
30 0.4485 0.4066666666666667 0.036 0.02266666666666667
30 0.522 0.4066666666666667 0.036 0.025333333333333333
30 0.589 0.4073333333333333 0.038 0.025333333333333333
30 0.25 0.4073333333333333 0.035 0.02266666666666667
30 0.0815 0.4086666666666667 0.038 0.025333333333333333
30 0.164 0.4086666666666667 0.039 0.02666666666666667
31 0.915 0.43333333333333335 0.037 0.028
31 0.87 0.43666666666666665 0.033 0.02266666666666667
31 0.826 0.43866666666666665 0.033 0.02666666666666667
31 0.7775 0.44 0.032 0.025333333333333333
31 0.5195 0.44333333333333336 0.041 0.02666666666666667
31 0.4435 0.44466666666666665 0.043 0.029333333333333333
31 0.724 0.44533333333333336 0.036 0.024
31 0.2535 0.446 0.049 0.028
31 0.3565 0.44733333333333336 0.043 0.030666666666666665
31 0.668 0.44733333333333336 0.044 0.028
31 0.5915 0.44866666666666666 0.038 0.028
31 0.1595 0.45066666666666666 0.043 0.028
31 0.081 0.45266666666666666 0.045 0.028
32 0.923 0.4766666666666667 0.047 0.028
32 0.867 0.482 0.041 0.02266666666666667
32 0.6965 0.484 0.041 0.02266666666666667
32 0.793 0.48533333333333334 0.06 0.025333333333333333
32 0.594 0.48933333333333334 0.045 0.025333333333333333
32 0.4795 0.49133333333333334 0.056 0.02666666666666667
32 0.369 0.492 0.053 0.025333333333333333
32 0.266 0.496 0.067 0.032
32 0.1655 0.49733333333333335 0.054 0.02666666666666667
32 0.08 0.498 0.046 0.028
33 0.9075 0.53 0.038 0.029333333333333333
33 0.86 0.5346666666666666 0.037 0.030666666666666665
33 0.8025 0.5366666666666666 0.038 0.028
33 0.751 0.5393333333333333 0.042 0.032
33 0.6885 0.5406666666666666 0.04 0.030666666666666665
33 0.609 0.5433333333333333 0.056 0.037333333333333336
33 0.4655 0.548 0.038 0.03333333333333333
33 0.5255 0.548 0.033 0.028
33 0.392 0.5506666666666666 0.044 0.028
33 0.0765 0.558 0.037 0.032
33 0.2285 0.558 0.039 0.030666666666666665
33 0.309 0.558 0.035 0.032
33 0.1435 0.56 0.039 0.032
34 0.918 0.598 0.041 0.04133333333333333
34 0.867 0.6 0.037 0.03866666666666667
34 0.799 0.604 0.038 0.03866666666666667
34 0.6415 0.6073333333333333 0.037 0.03866666666666667
34 0.3775 0.6073333333333333 0.041 0.034666666666666665
34 0.548 0.608 0.034 0.04533333333333334
34 0.2345 0.608 0.041 0.037333333333333336
34 0.723 0.6086666666666667 0.038 0.04
34 0.4535 0.6093333333333333 0.029 0.034666666666666665
34 0.1565 0.61 0.043 0.037333333333333336
34 0.076 0.61 0.046 0.037333333333333336
34 0.304 0.61 0.034 0.032
35 0.669 0.6526666666666666 0.059 0.030666666666666665
35 0.8285 0.6553333333333333 0.045 0.028
35 0.4755 0.6553333333333333 0.054 0.028
35 0.9 0.656 0.047 0.030666666666666665
35 0.757 0.656 0.053 0.029333333333333333
35 0.9515 0.6566666666666666 0.039 0.032
35 0.586 0.6566666666666666 0.066 0.034666666666666665
35 0.386 0.6573333333333333 0.065 0.029333333333333333
35 0.1875 0.6573333333333333 0.056 0.032
35 0.2775 0.66 0.057 0.032
35 0.084 0.6626666666666666 0.07 0.034666666666666665
26 0.1085 0.22266666666666668 0.048 0.037333333333333336
10 0.2025 0.22866666666666666 0.049 0.03866666666666667
10 0.281 0.23 0.031 0.037333333333333336
10 0.369 0.23066666666666666 0.033 0.03866666666666667
26 0.4625 0.23066666666666666 0.041 0.032
26 0.538 0.23266666666666666 0.044 0.029333333333333333
26 0.6165 0.23733333333333334 0.043 0.028
26 0.6865 0.23733333333333334 0.039 0.029333333333333333
26 0.7585 0.24066666666666667 0.042 0.02666666666666667
26 0.823 0.246 0.04 0.025333333333333333