19 0.871 0.2713333333333333 0.046 0.036
19 0.821 0.2713333333333333 0.041 0.034666666666666665
19 0.773 0.2713333333333333 0.041 0.032
19 0.919 0.272 0.03 0.03333333333333333
19 0.6005 0.2733333333333333 0.055 0.034666666666666665
19 0.6735 0.274 0.048 0.04
19 0.5145 0.27666666666666667 0.063 0.036
19 0.4185 0.2786666666666667 0.042 0.030666666666666665
19 0.356 0.2853333333333333 0.043 0.030666666666666665
19 0.2865 0.288 0.062 0.03333333333333333
19 0.1805 0.296 0.053 0.036
19 0.099 0.302 0.052 0.04
20 0.823 0.32866666666666666 0.042 0.034666666666666665
20 0.8935 0.3313333333333333 0.045 0.037333333333333336
20 0.7735 0.332 0.036 0.03333333333333333
20 0.6955 0.33266666666666667 0.047 0.034666666666666665
20 0.608 0.338 0.035 0.036
20 0.536 0.3393333333333333 0.032 0.034666666666666665
20 0.478 0.34 0.037 0.032
20 0.3825 0.3406666666666667 0.039 0.034666666666666665
20 0.237 0.342 0.04 0.03866666666666667
20 0.3135 0.3426666666666667 0.042 0.032
20 0.089 0.346 0.048 0.04533333333333334
20 0.1585 0.34933333333333333 0.017 0.02666666666666667
21 0.9 0.38266666666666665 0.051 0.037333333333333336
21 0.813 0.38466666666666666 0.044 0.034666666666666665
21 0.7305 0.3893333333333333 0.046 0.032
21 0.569 0.39066666666666666 0.04 0.030666666666666665
21 0.642 0.394 0.039 0.032
21 0.4685 0.3993333333333333 0.044 0.034666666666666665
21 0.282 0.4046666666666667 0.043 0.03866666666666667
21 0.379 0.4066666666666667 0.037 0.03333333333333333
21 0.188 0.4073333333333333 0.035 0.04666666666666667
21 0.0925 0.4093333333333333 0.036 0.04133333333333333
22 0.9105 0.436 0.045 0.036
22 0.8505 0.43933333333333335 0.042 0.032
22 0.791 0.44266666666666665 0.04 0.034666666666666665
22 0.727 0.44466666666666665 0.045 0.036
22 0.638 0.44666666666666666 0.036 0.037333333333333336
22 0.568 0.45266666666666666 0.05 0.030666666666666665
22 0.481 0.4573333333333333 0.046 0.036
22 0.392 0.4633333333333333 0.033 0.034666666666666665
22 0.095 0.4666666666666667 0.038 0.037333333333333336
22 0.291 0.468 0.041 0.03333333333333333
22 0.188 0.4686666666666667 0.043 0.04533333333333334
23 0.8625 0.49333333333333335 0.062 0.03866666666666667
23 0.9215 0.49733333333333335 0.035 0.03333333333333333
23 0.79 0.5046666666666667 0.046 0.024
23 0.7225 0.508 0.048 0.028
23 0.6315 0.51 0.047 0.036
23 0.5485 0.5133333333333333 0.047 0.034666666666666665
23 0.47 0.5186666666666667 0.037 0.036
23 0.3885 0.5213333333333333 0.036 0.028
23 0.287 0.528 0.032 0.028
23 0.077 0.5313333333333333 0.039 0.029333333333333333
23 0.186 0.532 0.054 0.032
24 0.9285 0.5433333333333333 0.038 0.034666666666666665
24 0.87 0.5486666666666666 0.03 0.028
24 0.718 0.554 0.037 0.03333333333333333
24 0.7945 0.5566666666666666 0.033 0.036
24 0.543 0.56 0.039 0.036
24 0.624 0.56 0.035 0.037333333333333336
24 0.465 0.5686666666666667 0.034 0.034666666666666665
24 0.3845 0.5706666666666667 0.034 0.032
24 0.182 0.5733333333333334 0.03 0.029333333333333333
24 0.284 0.5753333333333334 0.03 0.028
24 0.069 0.576 0.042 0.034666666666666665
1 0.912 0.592 0.033 0.028
1 0.853 0.594 0.031 0.024
1 0.7775 0.5986666666666667 0.029 0.025333333333333333
1 0.7025 0.6006666666666667 0.034 0.024
1 0.624 0.6013333333333334 0.034 0.025333333333333333
1 0.546 0.6033333333333334 0.035 0.030666666666666665
1 0.458 0.6066666666666667 0.028 0.028
1 0.3755 0.6126666666666667 0.039 0.029333333333333333
1 0.273 0.6193333333333333 0.036 0.02666666666666667
1 0.1755 0.6193333333333333 0.038 0.025333333333333333
24 0.0595 0.6233333333333333 0.031 0.02666666666666667
25 0.7585 0.652 0.03 0.03866666666666667
25 0.89 0.6533333333333333 0.034 0.04666666666666667
25 0.5365 0.6546666666666666 0.044 0.03866666666666667
25 0.689 0.6553333333333333 0.028 0.034666666666666665
25 0.823 0.656 0.043 0.042666666666666665
25 0.614 0.6566666666666666 0.039 0.034666666666666665
25 0.4475 0.6606666666666666 0.034 0.036
25 0.359 0.6613333333333333 0.031 0.029333333333333333
25 0.1725 0.6626666666666666 0.032 0.037333333333333336
25 0.059 0.6626666666666666 0.03 0.032
25 0.2695 0.6626666666666666 0.028 0.032
3 0.135 0.24466666666666667 0.036 0.034666666666666665
11 0.195 0.24466666666666667 0.03 0.037333333333333336
2 0.077 0.24533333333333332 0.036 0.030666666666666665