24 0.171 0.45066666666666666 0.068 0.088
3 0.451 0.45866666666666667 0.087 0.08266666666666667
13 0.262 0.4613333333333333 0.07 0.07333333333333333
10 0.63 0.464 0.039 0.084
8 0.522 0.4653333333333333 0.053 0.09466666666666666
3 0.58 0.4673333333333333 0.059 0.1
4 0.6755 0.472 0.053 0.10266666666666667
8 0.5445 0.6066666666666667 0.065 0.13333333333333333
3 0.4775 0.6093333333333333 0.054 0.10266666666666667
8 0.601 0.622 0.042 0.14133333333333334
3 0.657 0.622 0.066 0.13333333333333333
0 0.1075 0.6233333333333333 0.104 0.11866666666666667
3 0.4095 0.628 0.081 0.10933333333333334
2 0.2125 0.6286666666666667 0.054 0.132
1 0.266 0.6286666666666667 0.044 0.09866666666666667
10 0.7235 0.63 0.066 0.12266666666666666
1 0.322 0.6333333333333333 0.059 0.09866666666666667
3 0.808 0.6486666666666666 0.095 0.15466666666666667
0 0.905 0.656 0.068 0.11466666666666667