26 0.7995 0.25133333333333335 0.033 0.02266666666666667
26 0.7405 0.25266666666666665 0.035 0.021333333333333333
26 0.677 0.25466666666666665 0.033 0.024
26 0.608 0.258 0.038 0.024
26 0.544 0.26266666666666666 0.035 0.02266666666666667
26 0.476 0.268 0.035 0.02266666666666667
26 0.4075 0.272 0.037 0.029333333333333333
10 0.329 0.278 0.035 0.032
27 0.8205 0.2786666666666667 0.05 0.02666666666666667
27 0.7635 0.2806666666666667 0.044 0.024
27 0.695 0.282 0.041 0.02666666666666667
10 0.254 0.2833333333333333 0.026 0.030666666666666665
27 0.6275 0.2846666666666667 0.028 0.021333333333333333
10 0.191 0.288 0.038 0.029333333333333333
27 0.564 0.2886666666666667 0.041 0.021333333333333333
26 0.1155 0.29 0.038 0.02666666666666667
27 0.498 0.294 0.03 0.021333333333333333
27 0.429 0.3 0.031 0.02
27 0.3515 0.306 0.033 0.02266666666666667
28 0.785 0.30933333333333335 0.029 0.02666666666666667
28 0.8115 0.31 0.023 0.02666666666666667
27 0.2755 0.31066666666666665 0.033 0.021333333333333333
28 0.7385 0.31066666666666665 0.028 0.024
27 0.1935 0.31533333333333335 0.035 0.021333333333333333
28 0.6675 0.31533333333333335 0.04 0.02666666666666667
27 0.112 0.32266666666666666 0.034 0.02666666666666667
28 0.604 0.3233333333333333 0.032 0.028
28 0.536 0.32866666666666666 0.035 0.02666666666666667
28 0.462 0.336 0.04 0.02666666666666667
28 0.402 0.338 0.032 0.02666666666666667
28 0.338 0.3446666666666667 0.033 0.024
28 0.26 0.35 0.029 0.024
29 0.812 0.354 0.034 0.02266666666666667
28 0.184 0.356 0.04 0.029333333333333333
28 0.109 0.3606666666666667 0.034 0.028
29 0.761 0.3606666666666667 0.032 0.021333333333333333
29 0.713 0.36333333333333334 0.034 0.02266666666666667
29 0.6585 0.368 0.04 0.024
29 0.596 0.372 0.035 0.021333333333333333
29 0.524 0.37733333333333335 0.035 0.024
29 0.4635 0.37933333333333336 0.037 0.024
29 0.3975 0.384 0.044 0.025333333333333333
30 0.826 0.384 0.036 0.02
30 0.7755 0.3873333333333333 0.033 0.025333333333333333
29 0.3285 0.39066666666666666 0.028 0.021333333333333333
30 0.7215 0.394 0.036 0.025333333333333333
29 0.234 0.39666666666666667 0.034 0.024
29 0.1605 0.4013333333333333 0.037 0.024
29 0.1005 0.4026666666666667 0.037 0.025333333333333333
30 0.6645 0.4026666666666667 0.036 0.025333333333333333
30 0.6005 0.406 0.037 0.021333333333333333
30 0.526 0.412 0.03 0.021333333333333333
30 0.4645 0.4166666666666667 0.032 0.024
31 0.841 0.418 0.032 0.02266666666666667
30 0.3975 0.41933333333333334 0.033 0.02266666666666667
30 0.3255 0.42333333333333334 0.033 0.021333333333333333
31 0.7965 0.42333333333333334 0.031 0.02266666666666667
31 0.7515 0.426 0.028 0.02266666666666667
30 0.229 0.43066666666666664 0.032 0.02266666666666667
31 0.7045 0.43133333333333335 0.032 0.024
30 0.16 0.436 0.031 0.024
31 0.6515 0.43933333333333335 0.038 0.024
30 0.0935 0.44066666666666665 0.029 0.02
31 0.5995 0.442 0.038 0.025333333333333333
31 0.464 0.448 0.033 0.024
31 0.527 0.448 0.036 0.024
31 0.3935 0.4513333333333333 0.035 0.025333333333333333
32 0.85 0.45666666666666667 0.048 0.025333333333333333
31 0.3215 0.4573333333333333 0.035 0.024
31 0.2305 0.4633333333333333 0.038 0.024
32 0.7955 0.464 0.04 0.024
32 0.722 0.4713333333333333 0.057 0.02666666666666667
31 0.154 0.4726666666666667 0.04 0.02266666666666667
32 0.6285 0.4746666666666667 0.036 0.02
31 0.091 0.4766666666666667 0.034 0.025333333333333333
32 0.5325 0.48333333333333334 0.039 0.02266666666666667
32 0.428 0.492 0.054 0.02666666666666667
32 0.3315 0.49533333333333335 0.042 0.025333333333333333
33 0.839 0.506 0.042 0.03333333333333333
32 0.2415 0.506 0.059 0.029333333333333333
32 0.159 0.5106666666666667 0.041 0.028
32 0.093 0.5146666666666667 0.041 0.024
33 0.793 0.5153333333333333 0.031 0.030666666666666665
33 0.7365 0.518 0.035 0.030666666666666665
33 0.681 0.522 0.034 0.028
33 0.6205 0.5293333333333333 0.04 0.03333333333333333
33 0.549 0.534 0.048 0.036
33 0.473 0.5386666666666666 0.035 0.02666666666666667
33 0.416 0.5433333333333333 0.034 0.028
33 0.355 0.5473333333333333 0.041 0.028
33 0.28 0.5573333333333333 0.029 0.028
33 0.2115 0.56 0.035 0.028
33 0.0865 0.5626666666666666 0.027 0.028
33 0.1405 0.5633333333333334 0.036 0.024
34 0.8575 0.572 0.042 0.03866666666666667
34 0.8055 0.5753333333333334 0.032 0.034666666666666665
34 0.7345 0.5813333333333334 0.035 0.036
34 0.6595 0.588 0.035 0.04
34 0.5835 0.5893333333333334 0.036 0.03333333333333333
34 0.492 0.5926666666666667 0.031 0.042666666666666665
34 0.409 0.5953333333333334 0.029 0.036
34 0.341 0.5993333333333334 0.031 0.029333333333333333
34 0.2145 0.602 0.041 0.036
34 0.275 0.602 0.028 0.028
34 0.152 0.6046666666666667 0.031 0.030666666666666665
34 0.085 0.6086666666666667 0.031 0.028
35 0.895 0.6273333333333333 0.037 0.028
35 0.842 0.6286666666666667 0.051 0.028
35 0.768 0.63 0.046 0.02666666666666667
35 0.6965 0.6313333333333333 0.05 0.02666666666666667
35 0.61 0.632 0.053 0.025333333333333333
35 0.533 0.6353333333333333 0.057 0.030666666666666665
35 0.4305 0.638 0.052 0.02666666666666667
35 0.3465 0.6413333333333333 0.058 0.028
35 0.1775 0.6466666666666666 0.045 0.02666666666666667
35 0.2565 0.6473333333333333 0.049 0.029333333333333333
35 0.0925 0.652 0.054 0.030666666666666665