2 0.3245 0.26 0.035 0.014666666666666666
3 0.363 0.268 0.035 0.017333333333333333
11 0.4005 0.276 0.029 0.018666666666666668
19 0.3085 0.29 0.041 0.02
19 0.3665 0.3 0.045 0.02
20 0.283 0.31333333333333335 0.047 0.02666666666666667
19 0.4405 0.314 0.041 0.024
19 0.494 0.3233333333333333 0.035 0.018666666666666668
20 0.324 0.326 0.019 0.014666666666666666
19 0.543 0.32866666666666666 0.034 0.017333333333333333
20 0.384 0.3333333333333333 0.038 0.021333333333333333
19 0.6165 0.3413333333333333 0.04 0.025333333333333333
21 0.244 0.346 0.027 0.024
20 0.436 0.3486666666666667 0.04 0.02
19 0.683 0.3566666666666667 0.04 0.02666666666666667
20 0.487 0.3586666666666667 0.034 0.02266666666666667
21 0.309 0.36333333333333334 0.038 0.028
19 0.7395 0.36866666666666664 0.043 0.028
20 0.554 0.37466666666666665 0.024 0.021333333333333333
21 0.374 0.37866666666666665 0.028 0.02666666666666667
22 0.209 0.38 0.03 0.025333333333333333
20 0.6005 0.38533333333333336 0.026 0.02
19 0.829 0.386 0.04 0.021333333333333333
20 0.658 0.39666666666666667 0.03 0.025333333333333333
19 0.87 0.39666666666666667 0.036 0.030666666666666665
21 0.4465 0.39866666666666667 0.029 0.024
22 0.271 0.39866666666666667 0.027 0.025333333333333333
19 0.917 0.4046666666666667 0.051 0.028
21 0.519 0.4086666666666667 0.032 0.025333333333333333
20 0.735 0.4106666666666667 0.048 0.02266666666666667
19 0.9635 0.41533333333333333 0.026 0.028
23 0.164 0.416 0.035 0.024
22 0.3455 0.41733333333333333 0.032 0.025333333333333333
21 0.602 0.42333333333333334 0.031 0.024
20 0.806 0.42533333333333334 0.038 0.025333333333333333
20 0.8515 0.43333333333333335 0.043 0.02666666666666667
22 0.423 0.43533333333333335 0.028 0.02666666666666667
23 0.2385 0.438 0.044 0.028
21 0.6595 0.43933333333333335 0.035 0.028
24 0.131 0.44333333333333336 0.043 0.016
22 0.4975 0.44866666666666666 0.035 0.028
21 0.92 0.45066666666666666 0.041 0.02666666666666667
21 0.7425 0.456 0.041 0.028
23 0.3145 0.45666666666666667 0.035 0.021333333333333333
22 0.5715 0.4633333333333333 0.033 0.02666666666666667
24 0.21 0.4653333333333333 0.033 0.016
1 0.0925 0.4693333333333333 0.025 0.016
21 0.8175 0.4706666666666667 0.04 0.030666666666666665
23 0.3935 0.472 0.034 0.02266666666666667
22 0.6335 0.47733333333333333 0.028 0.02666666666666667
24 0.2835 0.4866666666666667 0.033 0.016
21 0.9 0.4886666666666667 0.041 0.036
23 0.4615 0.48933333333333334 0.034 0.030666666666666665
1 0.1755 0.49333333333333335 0.028 0.017333333333333333
22 0.711 0.49466666666666664 0.029 0.029333333333333333
25 0.065 0.49533333333333335 0.027 0.021333333333333333
23 0.531 0.5026666666666667 0.036 0.029333333333333333
24 0.3615 0.508 0.035 0.02
22 0.77 0.508 0.032 0.030666666666666665
1 0.247 0.5133333333333333 0.029 0.018666666666666668
23 0.6005 0.5193333333333333 0.047 0.032
22 0.8285 0.52 0.038 0.028
25 0.145 0.5206666666666667 0.038 0.024
24 0.4285 0.5226666666666666 0.041 0.018666666666666668
22 0.8885 0.5333333333333333 0.037 0.03333333333333333
1 0.33 0.534 0.031 0.017333333333333333
24 0.499 0.5353333333333333 0.042 0.02
23 0.678 0.542 0.042 0.02666666666666667
25 0.2165 0.5453333333333333 0.032 0.02266666666666667
1 0.4005 0.5513333333333333 0.026 0.02
23 0.741 0.5553333333333333 0.045 0.024
24 0.5675 0.5573333333333333 0.042 0.021333333333333333
25 0.284 0.566 0.03 0.024
23 0.824 0.568 0.053 0.036
1 0.475 0.5686666666666667 0.035 0.02
24 0.655 0.576 0.036 0.02266666666666667
23 0.878 0.584 0.031 0.024
25 0.358 0.5886666666666667 0.036 0.02666666666666667
1 0.543 0.5893333333333334 0.032 0.02
24 0.7235 0.5973333333333334 0.038 0.02
25 0.439 0.6086666666666667 0.034 0.029333333333333333
1 0.6155 0.61 0.03 0.02
24 0.803 0.6146666666666667 0.038 0.017333333333333333
24 0.867 0.6233333333333333 0.043 0.018666666666666668
1 0.687 0.6293333333333333 0.032 0.02
25 0.502 0.6313333333333333 0.041 0.02666666666666667
1 0.765 0.6466666666666666 0.034 0.02
25 0.5735 0.6506666666666666 0.034 0.02666666666666667
1 0.826 0.6626666666666666 0.037 0.02266666666666667
25 0.641 0.6693333333333333 0.034 0.030666666666666665
25 0.702 0.6926666666666667 0.057 0.03333333333333333
25 0.776 0.7133333333333334 0.047 0.03866666666666667