0 0.2525 0.512 0.057 0.042666666666666665
2 0.302 0.5166666666666667 0.032 0.04
1 0.344 0.518 0.034 0.044
3 0.4315 0.5213333333333333 0.032 0.044
1 0.387 0.522 0.038 0.04533333333333334
8 0.613 0.5273333333333333 0.037 0.03866666666666667
5 0.5135 0.528 0.034 0.03866666666666667
0 0.735 0.5286666666666666 0.046 0.036
4 0.471 0.5293333333333333 0.034 0.04666666666666667
10 0.5695 0.5306666666666666 0.042 0.050666666666666665
6 0.6915 0.5313333333333333 0.024 0.04666666666666667
9 0.657 0.5326666666666666 0.036 0.048