2 0.365 0.23266666666666666 0.056 0.11733333333333333
10 0.281 0.23466666666666666 0.068 0.136
8 0.3735 0.42533333333333334 0.053 0.104
8 0.429 0.43133333333333335 0.047 0.10266666666666667
2 0.3175 0.43666666666666665 0.054 0.096
1 0.487 0.438 0.063 0.058666666666666666
0 0.9535 0.6346666666666667 0.076 0.13866666666666666
9 0.816 0.6346666666666667 0.048 0.11066666666666666
3 0.7525 0.6486666666666666 0.05 0.09333333333333334
8 0.6805 0.6493333333333333 0.057 0.104
8 0.6255 0.6546666666666666 0.05 0.11466666666666667
3 0.5485 0.6566666666666666 0.062 0.10533333333333333
3 0.486 0.6586666666666666 0.054 0.096
1 0.4195 0.6666666666666666 0.052 0.08
1 0.368 0.674 0.046 0.09066666666666667
2 0.3155 0.676 0.061 0.112
5 0.8675 0.6766666666666666 0.05 0.19333333333333333
0 0.2165 0.6893333333333334 0.089 0.10133333333333333