11 0.2035 0.276 0.036 0.034666666666666665
11 0.2835 0.29733333333333334 0.023 0.034666666666666665
17 0.5575 0.2986666666666667 0.035 0.029333333333333333
16 0.7015 0.3006666666666667 0.051 0.037333333333333336
2 0.392 0.31 0.038 0.030666666666666665
3 0.4785 0.316 0.049 0.04
5 0.6315 0.3253333333333333 0.03 0.03866666666666667
6 0.7805 0.336 0.031 0.034666666666666665
16 0.548 0.338 0.044 0.030666666666666665
10 0.1835 0.346 0.033 0.032
17 0.685 0.3546666666666667 0.043 0.03333333333333333
12 0.264 0.3606666666666667 0.042 0.03866666666666667
10 0.439 0.362 0.027 0.03333333333333333
15 0.372 0.36333333333333334 0.043 0.029333333333333333
4 0.521 0.38066666666666665 0.036 0.028
15 0.8425 0.4026666666666667 0.041 0.037333333333333336
7 0.7525 0.4073333333333333 0.037 0.03866666666666667
12 0.253 0.4106666666666667 0.032 0.029333333333333333
9 0.1705 0.4126666666666667 0.021 0.034666666666666665
1 0.599 0.42 0.041 0.02666666666666667
1 0.414 0.42 0.023 0.02666666666666667
24 0.49 0.42 0.036 0.02666666666666667
8 0.357 0.422 0.03 0.034666666666666665
13 0.6785 0.424 0.036 0.029333333333333333
23 0.304 0.44666666666666666 0.043 0.037333333333333336
14 0.5575 0.4533333333333333 0.032 0.03333333333333333
22 0.2175 0.45666666666666667 0.031 0.028
18 0.7475 0.4673333333333333 0.044 0.03333333333333333
19 0.4125 0.4766666666666667 0.043 0.034666666666666665
25 0.629 0.486 0.036 0.034666666666666665
3 0.1305 0.49 0.029 0.029333333333333333
20 0.521 0.49733333333333335 0.041 0.030666666666666665
2 0.3025 0.49933333333333335 0.04 0.030666666666666665
21 0.2255 0.5126666666666667 0.035 0.034666666666666665
9 0.8035 0.5313333333333333 0.036 0.03866666666666667
35 0.7045 0.5393333333333333 0.047 0.034666666666666665
34 0.4935 0.544 0.049 0.034666666666666665
33 0.4025 0.5453333333333333 0.049 0.034666666666666665
32 0.3065 0.546 0.041 0.029333333333333333
4 0.1 0.554 0.039 0.04133333333333333
5 0.163 0.554 0.033 0.04
26 0.5825 0.5813333333333334 0.047 0.044
31 0.209 0.5886666666666667 0.034 0.032
24 0.3805 0.6053333333333333 0.045 0.03866666666666667
6 0.2805 0.6073333333333333 0.035 0.034666666666666665
28 0.4695 0.618 0.034 0.044
30 0.7345 0.6186666666666667 0.039 0.032
7 0.541 0.638 0.029 0.04133333333333333
29 0.6355 0.656 0.045 0.036
8 0.7725 0.6666666666666666 0.037 0.037333333333333336