13 0.224 0.498 0.06 0.08933333333333333
3 0.316 0.506 0.051 0.088
9 0.3675 0.5113333333333333 0.041 0.08
3 0.409 0.5173333333333333 0.043 0.09333333333333334
1 0.4555 0.532 0.046 0.06266666666666666
1 0.4995 0.5326666666666666 0.045 0.06533333333333333
4 0.607 0.5393333333333333 0.067 0.11066666666666666
10 0.6715 0.54 0.048 0.10666666666666667
1 0.547 0.544 0.053 0.07066666666666667
1 0.7405 0.5526666666666666 0.066 0.092
9 0.8105 0.566 0.07 0.11866666666666667
24 0.2105 0.6313333333333333 0.06 0.07066666666666667
0 0.285 0.634 0.051 0.06533333333333333
2 0.3325 0.6366666666666667 0.027 0.08666666666666667
1 0.3705 0.64 0.046 0.07066666666666667
1 0.419 0.656 0.043 0.06266666666666666
3 0.468 0.6573333333333333 0.042 0.08
4 0.514 0.668 0.05 0.08666666666666667
5 0.5775 0.6706666666666666 0.051 0.10133333333333333
8 0.7035 0.6866666666666666 0.069 0.09466666666666666
10 0.631 0.688 0.057 0.09066666666666667
9 0.769 0.7093333333333334 0.051 0.11733333333333333
6 0.8595 0.7233333333333334 0.061 0.11333333333333333
0 0.956 0.74 0.058 0.076