0 0.767 0.29733333333333334 0.044 0.048
10 0.7195 0.306 0.024 0.02666666666666667
9 0.694 0.30866666666666664 0.026 0.028
8 0.6565 0.31466666666666665 0.025 0.029333333333333333
10 0.626 0.32066666666666666 0.03 0.03333333333333333
4 0.559 0.322 0.032 0.032
5 0.591 0.32266666666666666 0.021 0.03333333333333333
3 0.5185 0.328 0.048 0.032
1 0.477 0.33666666666666667 0.031 0.02266666666666667
2 0.39 0.3393333333333333 0.06 0.04533333333333334
1 0.4435 0.3393333333333333 0.031 0.028
0 0.3325 0.3526666666666667 0.055 0.05466666666666667
9 0.8645 0.38866666666666666 0.041 0.06533333333333333
1 0.822 0.3893333333333333 0.036 0.036
10 0.7695 0.3933333333333333 0.042 0.042666666666666665
4 0.7285 0.39666666666666667 0.039 0.04933333333333333
1 0.6825 0.414 0.037 0.036
1 0.6365 0.41533333333333333 0.045 0.03866666666666667
3 0.53 0.42533333333333334 0.029 0.06
1 0.5725 0.42533333333333334 0.049 0.042666666666666665
9 0.464 0.43266666666666664 0.044 0.06666666666666667
3 0.414 0.43666666666666665 0.034 0.06133333333333333