0 0.186 0.5026666666666667 0.085 0.072
2 0.29 0.5126666666666667 0.048 0.068
3 0.4935 0.5133333333333333 0.051 0.06266666666666666
1 0.3635 0.5146666666666667 0.034 0.05333333333333334
3 0.723 0.5146666666666667 0.042 0.05733333333333333
7 0.6125 0.5153333333333333 0.03 0.068
9 0.6815 0.516 0.029 0.06133333333333333
5 0.56 0.5173333333333333 0.028 0.068
1 0.425 0.5186666666666667 0.047 0.058666666666666666
1 0.792 0.5206666666666667 0.053 0.05333333333333334
0 0.8815 0.5253333333333333 0.073 0.064