24 0.0365 0.42133333333333334 0.073 0.11333333333333333
0 0.097 0.42933333333333334 0.066 0.09066666666666667
1 0.2555 0.43133333333333335 0.073 0.08533333333333333
1 0.3435 0.43533333333333335 0.073 0.09333333333333334
2 0.1725 0.43733333333333335 0.077 0.092
3 0.436 0.43733333333333335 0.064 0.10133333333333333
3 0.5005 0.442 0.06 0.10666666666666667
8 0.5985 0.4513333333333333 0.056 0.104
8 0.6715 0.4593333333333333 0.069 0.11066666666666666
4 0.763 0.4706666666666667 0.061 0.12
1 0.845 0.4866666666666667 0.076 0.09733333333333333
5 0.933 0.49266666666666664 0.058 0.124
0 0.9835 0.5053333333333333 0.031 0.072