3 0.467 0.5246666666666666 0.053 0.05333333333333334
3 0.5245 0.5246666666666666 0.057 0.06
1 0.3105 0.5266666666666666 0.067 0.044
1 0.388 0.5266666666666666 0.065 0.048
0 0.1415 0.5273333333333333 0.06 0.05466666666666667
2 0.2345 0.5286666666666666 0.069 0.048
8 0.612 0.5306666666666666 0.048 0.050666666666666665
8 0.684 0.5346666666666666 0.057 0.05466666666666667
4 0.766 0.5393333333333333 0.053 0.06266666666666666
1 0.8405 0.5426666666666666 0.067 0.050666666666666665
5 0.923 0.5473333333333333 0.056 0.058666666666666666
0 0.981 0.5493333333333333 0.036 0.04933333333333333