2 0.103 0.466 0.072 0.07333333333333333
0 0.035 0.4706666666666667 0.057 0.04933333333333333
3 0.411 0.472 0.061 0.064
1 0.213 0.4726666666666667 0.072 0.06
1 0.3145 0.474 0.081 0.05466666666666667
5 0.4875 0.478 0.064 0.07733333333333334
4 0.566 0.49 0.061 0.07733333333333334
4 0.639 0.49333333333333335 0.07 0.076
9 0.7945 0.49666666666666665 0.054 0.07733333333333334
10 0.709 0.49733333333333335 0.071 0.084
1 0.8675 0.5033333333333333 0.087 0.08666666666666667
0 0.9605 0.5106666666666667 0.051 0.04666666666666667