12 0.2895 0.24933333333333332 0.037 0.037333333333333336
12 0.534 0.25 0.032 0.032
12 0.5895 0.25266666666666665 0.036 0.036
12 0.6515 0.258 0.041 0.04533333333333334
12 0.783 0.26066666666666666 0.048 0.037333333333333336
12 0.8485 0.262 0.038 0.032
12 0.7135 0.2633333333333333 0.052 0.042666666666666665
12 0.9115 0.26666666666666666 0.043 0.034666666666666665
13 0.105 0.27466666666666667 0.03 0.029333333333333333
13 0.184 0.27466666666666667 0.031 0.029333333333333333
13 0.135 0.2753333333333333 0.027 0.02666666666666667
13 0.227 0.2793333333333333 0.031 0.024
13 0.3845 0.284 0.034 0.030666666666666665
13 0.2765 0.286 0.035 0.025333333333333333
13 0.326 0.288 0.041 0.02666666666666667
13 0.4295 0.2906666666666667 0.034 0.032
13 0.522 0.2946666666666667 0.035 0.030666666666666665
13 0.476 0.29733333333333334 0.029 0.024
13 0.5675 0.2986666666666667 0.042 0.028
13 0.629 0.30266666666666664 0.046 0.024
13 0.6965 0.30666666666666664 0.038 0.029333333333333333
13 0.7615 0.30933333333333335 0.036 0.030666666666666665
14 0.161 0.31 0.028 0.036
14 0.1225 0.31 0.023 0.034666666666666665
14 0.2075 0.312 0.032 0.036
14 0.094 0.31266666666666665 0.028 0.034666666666666665
13 0.9015 0.314 0.052 0.03333333333333333
13 0.8305 0.31466666666666665 0.039 0.030666666666666665
14 0.258 0.31666666666666665 0.038 0.03866666666666667
14 0.311 0.318 0.032 0.029333333333333333
14 0.3635 0.32266666666666666 0.035 0.034666666666666665
14 0.4135 0.326 0.034 0.032
14 0.459 0.33066666666666666 0.034 0.032
14 0.5065 0.33466666666666667 0.034 0.03333333333333333
14 0.5545 0.33666666666666667 0.039 0.037333333333333336
14 0.6075 0.344 0.036 0.04
14 0.666 0.3486666666666667 0.043 0.04133333333333333
14 0.722 0.34933333333333333 0.036 0.042666666666666665
14 0.775 0.35333333333333333 0.046 0.036
15 0.1155 0.3546666666666667 0.035 0.029333333333333333
15 0.0795 0.356 0.03 0.032
14 0.8365 0.3586666666666667 0.045 0.042666666666666665
15 0.1505 0.3586666666666667 0.04 0.029333333333333333
14 0.894 0.36133333333333334 0.038 0.037333333333333336
15 0.1905 0.36133333333333334 0.039 0.037333333333333336
15 0.2295 0.364 0.031 0.03333333333333333
15 0.268 0.36866666666666664 0.039 0.034666666666666665
15 0.3095 0.36866666666666664 0.033 0.03866666666666667
15 0.3485 0.37133333333333335 0.038 0.034666666666666665
15 0.39 0.372 0.039 0.034666666666666665
15 0.428 0.38066666666666665 0.037 0.030666666666666665
15 0.4605 0.38533333333333336 0.038 0.032
15 0.505 0.386 0.033 0.04
15 0.544 0.3873333333333333 0.033 0.03333333333333333
16 0.072 0.388 0.041 0.04
16 0.1075 0.3913333333333333 0.046 0.036
15 0.5895 0.39266666666666666 0.045 0.03866666666666667
16 0.136 0.39466666666666667 0.04 0.03866666666666667
16 0.1755 0.3953333333333333 0.045 0.036
15 0.6295 0.39666666666666667 0.039 0.037333333333333336
15 0.666 0.3993333333333333 0.033 0.036
16 0.2165 0.402 0.048 0.03333333333333333
15 0.7045 0.406 0.042 0.034666666666666665
15 0.7475 0.406 0.039 0.036
16 0.2545 0.4073333333333333 0.041 0.032
16 0.2925 0.4086666666666667 0.046 0.034666666666666665
15 0.797 0.41 0.04 0.04
16 0.3315 0.41 0.047 0.037333333333333336
16 0.3715 0.4126666666666667 0.041 0.037333333333333336
15 0.8455 0.41733333333333333 0.044 0.04133333333333333
15 0.8875 0.418 0.048 0.04
16 0.4135 0.42 0.047 0.036
16 0.4565 0.424 0.04 0.034666666666666665
16 0.4995 0.43066666666666664 0.049 0.034666666666666665
17 0.06 0.43066666666666664 0.029 0.032
16 0.548 0.43266666666666664 0.046 0.036
17 0.0945 0.43333333333333335 0.026 0.032
16 0.586 0.434 0.048 0.04
17 0.1285 0.436 0.028 0.030666666666666665
16 0.6365 0.438 0.057 0.04
17 0.1565 0.44066666666666665 0.029 0.030666666666666665
17 0.1855 0.44266666666666665 0.029 0.032
16 0.6795 0.444 0.049 0.042666666666666665
17 0.217 0.44733333333333336 0.025 0.034666666666666665
16 0.7235 0.448 0.057 0.04133333333333333
16 0.774 0.45266666666666666 0.045 0.042666666666666665
17 0.248 0.454 0.03 0.034666666666666665
16 0.8215 0.4573333333333333 0.061 0.036
17 0.279 0.4573333333333333 0.027 0.032
17 0.316 0.4633333333333333 0.032 0.032
17 0.3595 0.4653333333333333 0.041 0.037333333333333336
16 0.8715 0.4673333333333333 0.059 0.04
17 0.3935 0.472 0.037 0.032
18 0.054 0.4726666666666667 0.024 0.034666666666666665
18 0.0765 0.47533333333333333 0.024 0.02666666666666667
17 0.428 0.47533333333333333 0.027 0.034666666666666665
17 0.4585 0.478 0.033 0.037333333333333336
18 0.1075 0.47933333333333333 0.026 0.032
18 0.146 0.48333333333333334 0.035 0.03333333333333333
18 0.1735 0.484 0.026 0.032
17 0.4925 0.4846666666666667 0.039 0.036
17 0.5365 0.48733333333333334 0.035 0.036
18 0.205 0.49066666666666664 0.028 0.02666666666666667
17 0.57 0.492 0.034 0.037333333333333336
18 0.2385 0.49666666666666665 0.029 0.03333333333333333
17 0.6085 0.49733333333333335 0.033 0.036
17 0.6445 0.5026666666666667 0.033 0.034666666666666665
18 0.271 0.5026666666666667 0.031 0.032
18 0.307 0.5066666666666667 0.029 0.029333333333333333
17 0.6865 0.5086666666666667 0.03 0.04133333333333333
18 0.3795 0.516 0.033 0.034666666666666665
17 0.732 0.516 0.044 0.04533333333333334
17 0.7685 0.5166666666666667 0.036 0.03866666666666667
18 0.4255 0.5233333333333333 0.032 0.034666666666666665
17 0.815 0.5266666666666666 0.028 0.036
18 0.468 0.5313333333333333 0.03 0.034666666666666665
17 0.859 0.5313333333333333 0.048 0.044
18 0.5115 0.5353333333333333 0.039 0.032
18 0.5555 0.54 0.032 0.037333333333333336
18 0.5995 0.544 0.039 0.044
18 0.646 0.5526666666666666 0.03 0.030666666666666665
18 0.689 0.558 0.042 0.032
18 0.738 0.564 0.044 0.034666666666666665
18 0.7865 0.572 0.04 0.036
18 0.833 0.58 0.043 0.034666666666666665
18 0.8805 0.5846666666666667 0.048 0.037333333333333336
11 0.169 0.19266666666666668 0.023 0.034666666666666665
11 0.127 0.194 0.026 0.030666666666666665
11 0.2145 0.196 0.032 0.03866666666666667
11 0.311 0.19666666666666666 0.035 0.04
11 0.261 0.2 0.027 0.04533333333333334
11 0.356 0.20066666666666666 0.038 0.04
11 0.505 0.202 0.039 0.037333333333333336
11 0.404 0.20266666666666666 0.041 0.03866666666666667
11 0.5525 0.20266666666666666 0.039 0.048
11 0.451 0.204 0.039 0.037333333333333336
11 0.6055 0.20533333333333334 0.045 0.050666666666666665
11 0.67 0.20733333333333334 0.05 0.04533333333333334
11 0.735 0.21 0.046 0.04533333333333334
11 0.863 0.21333333333333335 0.039 0.04533333333333334
11 0.7965 0.21533333333333332 0.045 0.04533333333333334
11 0.923 0.22066666666666668 0.037 0.04
12 0.112 0.23733333333333334 0.032 0.04
12 0.156 0.238 0.032 0.03866666666666667
12 0.196 0.23933333333333334 0.033 0.029333333333333333
12 0.3915 0.244 0.036 0.030666666666666665
12 0.2455 0.244 0.032 0.032
12 0.492 0.24533333333333332 0.038 0.037333333333333336
12 0.3405 0.246 0.043 0.034666666666666665
12 0.4425 0.246 0.032 0.034666666666666665