19 0.8015 0.26266666666666666 0.048 0.030666666666666665
19 0.847 0.26266666666666666 0.054 0.036
19 0.893 0.26266666666666666 0.029 0.03866666666666667
19 0.76 0.2633333333333333 0.04 0.02666666666666667
19 0.6685 0.264 0.047 0.037333333333333336
19 0.6035 0.266 0.053 0.03333333333333333
19 0.521 0.268 0.052 0.03333333333333333
19 0.436 0.2693333333333333 0.043 0.02666666666666667
19 0.377 0.27466666666666667 0.042 0.032
19 0.315 0.2793333333333333 0.057 0.032
19 0.2135 0.2846666666666667 0.053 0.032
19 0.1335 0.288 0.048 0.034666666666666665
20 0.8065 0.31266666666666665 0.035 0.034666666666666665
20 0.874 0.31466666666666665 0.043 0.032
20 0.76 0.316 0.036 0.036
20 0.689 0.31666666666666665 0.048 0.03333333333333333
20 0.611 0.32133333333333336 0.038 0.034666666666666665
20 0.543 0.322 0.032 0.032
20 0.486 0.32266666666666666 0.031 0.028
20 0.263 0.3233333333333333 0.044 0.037333333333333336
20 0.4005 0.324 0.04 0.034666666666666665
20 0.336 0.32666666666666666 0.039 0.03333333333333333
20 0.1235 0.328 0.052 0.042666666666666665
20 0.188 0.332 0.026 0.028
21 0.884 0.3586666666666667 0.052 0.036
21 0.803 0.36 0.044 0.037333333333333336
21 0.7285 0.366 0.041 0.03333333333333333
21 0.576 0.36733333333333335 0.038 0.029333333333333333
21 0.641 0.368 0.04 0.029333333333333333
21 0.4835 0.374 0.044 0.037333333333333336
21 0.304 0.38 0.042 0.037333333333333336
21 0.2125 0.382 0.039 0.042666666666666665
21 0.3955 0.38266666666666665 0.035 0.030666666666666665
21 0.1235 0.38333333333333336 0.035 0.042666666666666665
22 0.898 0.4073333333333333 0.046 0.03333333333333333
22 0.84 0.4093333333333333 0.04 0.032
22 0.785 0.414 0.039 0.034666666666666665
22 0.725 0.4146666666666667 0.045 0.030666666666666665
22 0.646 0.418 0.038 0.030666666666666665
22 0.5765 0.4226666666666667 0.041 0.030666666666666665
22 0.494 0.4266666666666667 0.049 0.036
22 0.408 0.43466666666666665 0.036 0.032
22 0.122 0.436 0.051 0.04
22 0.3085 0.43733333333333335 0.043 0.034666666666666665
22 0.2115 0.44 0.041 0.03866666666666667
23 0.8555 0.46066666666666667 0.059 0.036
23 0.9115 0.46266666666666667 0.04 0.02666666666666667
23 0.7875 0.47 0.047 0.02266666666666667
23 0.726 0.474 0.047 0.028
23 0.634 0.47533333333333333 0.05 0.037333333333333336
23 0.556 0.4786666666666667 0.044 0.036
23 0.4835 0.4846666666666667 0.035 0.044
23 0.399 0.486 0.039 0.036
23 0.3045 0.494 0.041 0.036
23 0.099 0.498 0.046 0.030666666666666665
23 0.2055 0.498 0.053 0.03866666666666667
24 0.921 0.5033333333333333 0.04 0.036
24 0.866 0.5113333333333333 0.039 0.028
24 0.721 0.5153333333333333 0.041 0.03333333333333333
24 0.795 0.5173333333333333 0.031 0.036
24 0.552 0.5206666666666667 0.047 0.03866666666666667
24 0.633 0.5226666666666666 0.039 0.03866666666666667
24 0.4795 0.5306666666666666 0.041 0.036
24 0.399 0.5333333333333333 0.034 0.032
24 0.302 0.538 0.033 0.032
24 0.2015 0.538 0.035 0.030666666666666665
24 0.088 0.542 0.045 0.034666666666666665
1 0.9105 0.5506666666666666 0.037 0.024
1 0.855 0.5526666666666666 0.034 0.024
1 0.7825 0.5586666666666666 0.03 0.024
1 0.6305 0.5606666666666666 0.034 0.024
1 0.71 0.5606666666666666 0.036 0.024
1 0.5555 0.5633333333333334 0.04 0.028
1 0.4715 0.57 0.037 0.028
1 0.389 0.5746666666666667 0.039 0.028
1 0.2865 0.58 0.05 0.02666666666666667
1 0.194 0.584 0.038 0.032
1 0.0735 0.5846666666666667 0.037 0.02666666666666667
25 0.7665 0.612 0.032 0.03866666666666667
25 0.8965 0.6126666666666667 0.049 0.044
25 0.694 0.6133333333333333 0.036 0.04
25 0.548 0.614 0.045 0.03866666666666667
25 0.625 0.6153333333333333 0.042 0.037333333333333336
25 0.8285 0.6153333333333333 0.042 0.044
25 0.369 0.622 0.036 0.034666666666666665
25 0.461 0.622 0.038 0.03866666666666667
25 0.184 0.624 0.036 0.037333333333333336
25 0.282 0.6253333333333333 0.034 0.032
25 0.072 0.6266666666666667 0.038 0.03866666666666667
3 0.172 0.23866666666666667 0.037 0.03333333333333333
11 0.2275 0.24 0.03 0.036
2 0.1165 0.242 0.043 0.028