26 0.7635 0.33066666666666666 0.035 0.02
26 0.6445 0.332 0.031 0.02266666666666667
26 0.706 0.332 0.031 0.02266666666666667
26 0.8195 0.33266666666666667 0.033 0.021333333333333333
26 0.587 0.3333333333333333 0.03 0.024
26 0.5255 0.334 0.029 0.02266666666666667
26 0.466 0.3353333333333333 0.027 0.024
26 0.392 0.338 0.027 0.032
26 0.2045 0.34 0.034 0.02666666666666667
26 0.3275 0.34 0.021 0.032
26 0.2695 0.3413333333333333 0.035 0.029333333333333333
27 0.719 0.3546666666666667 0.043 0.024
27 0.658 0.356 0.029 0.021333333333333333
27 0.6015 0.35733333333333334 0.026 0.02266666666666667
27 0.7825 0.358 0.043 0.030666666666666665
27 0.8335 0.3586666666666667 0.045 0.024
27 0.5425 0.36 0.026 0.02266666666666667
27 0.4795 0.362 0.027 0.02266666666666667
27 0.4135 0.36466666666666664 0.029 0.021333333333333333
27 0.2695 0.36533333333333334 0.033 0.02266666666666667
27 0.3445 0.36733333333333335 0.033 0.02666666666666667
27 0.1965 0.36866666666666664 0.029 0.02266666666666667
28 0.693 0.38533333333333336 0.036 0.025333333333333333
28 0.7565 0.38533333333333336 0.028 0.02666666666666667
28 0.8 0.38533333333333336 0.028 0.028
28 0.824 0.38666666666666666 0.022 0.028
28 0.633 0.39066666666666666 0.031 0.024
28 0.573 0.39266666666666666 0.031 0.02666666666666667
28 0.455 0.39466666666666667 0.031 0.024
28 0.5065 0.39666666666666667 0.034 0.028
28 0.399 0.4 0.028 0.02266666666666667
28 0.326 0.4033333333333333 0.031 0.02266666666666667
28 0.259 0.4033333333333333 0.024 0.02666666666666667
28 0.192 0.4046666666666667 0.031 0.028
29 0.8205 0.4266666666666667 0.037 0.024
29 0.775 0.42866666666666664 0.028 0.02266666666666667
29 0.7315 0.43133333333333335 0.031 0.02
29 0.6825 0.43333333333333335 0.04 0.024
29 0.6245 0.434 0.036 0.02266666666666667
29 0.504 0.434 0.031 0.02666666666666667
29 0.5605 0.43466666666666665 0.033 0.02266666666666667
29 0.4485 0.436 0.036 0.02266666666666667
29 0.3865 0.43933333333333335 0.026 0.02
29 0.303 0.44133333333333336 0.031 0.02
29 0.186 0.442 0.037 0.02666666666666667
29 0.2385 0.44266666666666665 0.036 0.025333333333333333
30 0.8305 0.45666666666666667 0.036 0.02
30 0.7835 0.4573333333333333 0.03 0.02
30 0.7365 0.46 0.031 0.02266666666666667
30 0.685 0.4646666666666667 0.03 0.02266666666666667
30 0.627 0.466 0.031 0.02
30 0.5595 0.4673333333333333 0.027 0.021333333333333333
30 0.4455 0.4693333333333333 0.03 0.021333333333333333
30 0.381 0.47 0.031 0.02
30 0.5045 0.47 0.032 0.02
30 0.2975 0.4726666666666667 0.027 0.02
30 0.235 0.4746666666666667 0.032 0.02
30 0.1765 0.47533333333333333 0.029 0.02
31 0.8425 0.486 0.036 0.024
31 0.8005 0.49133333333333334 0.03 0.024
31 0.7595 0.49133333333333334 0.034 0.024
31 0.717 0.494 0.037 0.02666666666666667
31 0.6705 0.498 0.038 0.02
31 0.5025 0.49933333333333335 0.028 0.024
31 0.6245 0.5 0.036 0.02266666666666667
31 0.558 0.5 0.03 0.021333333333333333
31 0.439 0.5 0.039 0.025333333333333333
31 0.299 0.5013333333333333 0.038 0.024
31 0.376 0.5013333333333333 0.033 0.02266666666666667
31 0.2305 0.5073333333333333 0.035 0.024
31 0.174 0.5086666666666667 0.035 0.02266666666666667
32 0.847 0.524 0.046 0.018666666666666668
32 0.7965 0.5273333333333333 0.037 0.02
32 0.647 0.53 0.038 0.018666666666666668
32 0.7295 0.5313333333333333 0.056 0.021333333333333333
32 0.559 0.5326666666666666 0.038 0.02
32 0.469 0.5366666666666666 0.047 0.02
32 0.3815 0.5373333333333333 0.041 0.021333333333333333
32 0.231 0.5406666666666666 0.039 0.024
32 0.1725 0.5413333333333333 0.039 0.024
32 0.306 0.5413333333333333 0.053 0.024
33 0.83 0.5673333333333334 0.042 0.028
33 0.79 0.572 0.032 0.025333333333333333
33 0.7405 0.5733333333333334 0.032 0.028
33 0.6905 0.5746666666666667 0.031 0.025333333333333333
33 0.6395 0.5766666666666667 0.037 0.025333333333333333
33 0.572 0.578 0.047 0.030666666666666665
33 0.5035 0.5786666666666667 0.027 0.025333333333333333
33 0.4535 0.5813333333333334 0.029 0.025333333333333333
33 0.3995 0.5833333333333334 0.04 0.029333333333333333
33 0.1655 0.586 0.031 0.02666666666666667
33 0.2735 0.5866666666666667 0.034 0.024
33 0.3345 0.588 0.039 0.025333333333333333
33 0.2145 0.59 0.032 0.02666666666666667
34 0.2775 0.6246666666666667 0.033 0.032
34 0.163 0.6253333333333333 0.027 0.02666666666666667
34 0.219 0.6253333333333333 0.028 0.02666666666666667
34 0.3285 0.6266666666666667 0.027 0.028
34 0.384 0.6273333333333333 0.029 0.024
34 0.798 0.6273333333333333 0.036 0.032
34 0.843 0.6273333333333333 0.033 0.037333333333333336
34 0.443 0.6293333333333333 0.028 0.032
34 0.7335 0.6293333333333333 0.025 0.032
34 0.519 0.63 0.034 0.036
34 0.6 0.63 0.035 0.032
34 0.667 0.632 0.033 0.037333333333333336
35 0.2395 0.662 0.046 0.028
35 0.1645 0.6633333333333333 0.052 0.029333333333333333
35 0.306 0.6653333333333333 0.045 0.028
35 0.46 0.666 0.046 0.025333333333333333
35 0.389 0.6666666666666666 0.061 0.024
35 0.55 0.67 0.052 0.030666666666666665
35 0.6205 0.6706666666666666 0.051 0.02666666666666667
35 0.6945 0.674 0.044 0.02666666666666667
35 0.76 0.6753333333333333 0.044 0.028
35 0.8255 0.6773333333333333 0.044 0.029333333333333333
35 0.8735 0.6786666666666666 0.038 0.03333333333333333