16 0.617 0.298 0.021 0.03333333333333333
6 0.697 0.312 0.028 0.032
17 0.493 0.32 0.025 0.025333333333333333
5 0.5695 0.32866666666666666 0.04 0.034666666666666665
17 0.635 0.3426666666666667 0.027 0.032
3 0.4295 0.34933333333333333 0.028 0.036
15 0.7815 0.35333333333333333 0.03 0.030666666666666665
16 0.505 0.35533333333333333 0.032 0.036
2 0.338 0.362 0.032 0.028
7 0.7185 0.37333333333333335 0.033 0.03333333333333333
11 0.103 0.376 0.024 0.037333333333333336
11 0.215 0.376 0.026 0.029333333333333333
4 0.512 0.402 0.039 0.030666666666666665
13 0.671 0.402 0.033 0.02666666666666667
10 0.4225 0.402 0.034 0.030666666666666665
1 0.6015 0.41333333333333333 0.034 0.029333333333333333
15 0.3605 0.4186666666666667 0.035 0.034666666666666665
5 0.746 0.42333333333333334 0.041 0.028
24 0.504 0.44066666666666665 0.028 0.029333333333333333
12 0.243 0.44333333333333336 0.047 0.04666666666666667
10 0.1305 0.4513333333333333 0.044 0.037333333333333336
14 0.587 0.454 0.031 0.036
9 0.8225 0.4593333333333333 0.027 0.03333333333333333
1 0.436 0.46266666666666667 0.03 0.032
25 0.668 0.4646666666666667 0.037 0.032
8 0.374 0.4746666666666667 0.037 0.036
35 0.76 0.48933333333333334 0.052 0.034666666666666665
12 0.2625 0.496 0.033 0.032
20 0.583 0.5033333333333333 0.039 0.032
19 0.4785 0.5113333333333333 0.041 0.034666666666666665
23 0.3425 0.5153333333333333 0.042 0.04666666666666667
9 0.1615 0.522 0.04 0.04666666666666667
30 0.8245 0.544 0.033 0.03866666666666667
34 0.5835 0.548 0.036 0.04
22 0.2545 0.552 0.056 0.034666666666666665
26 0.6875 0.5533333333333333 0.046 0.044
2 0.3865 0.5626666666666666 0.04 0.034666666666666665
8 0.8755 0.5726666666666667 0.038 0.034666666666666665
33 0.5095 0.5773333333333334 0.039 0.042666666666666665
21 0.2995 0.6006666666666667 0.046 0.04133333333333333
29 0.772 0.6046666666666667 0.034 0.032
32 0.411 0.6066666666666667 0.043 0.036
3 0.177 0.6126666666666667 0.036 0.036
7 0.688 0.616 0.033 0.042666666666666665
28 0.618 0.622 0.04 0.04666666666666667
24 0.5275 0.6373333333333333 0.061 0.036
5 0.2635 0.6653333333333333 0.044 0.03333333333333333
6 0.426 0.6753333333333333 0.039 0.03866666666666667
31 0.339 0.6853333333333333 0.04 0.036
4 0.185 0.692 0.062 0.04933333333333333