0 0.7825 0.5473333333333333 0.045 0.04666666666666667
1 0.7255 0.5546666666666666 0.049 0.04
9 0.6655 0.5573333333333333 0.038 0.04666666666666667
4 0.557 0.5626666666666666 0.035 0.04666666666666667
10 0.6105 0.5626666666666666 0.045 0.04533333333333334
3 0.423 0.5633333333333334 0.05 0.04533333333333334
4 0.508 0.564 0.038 0.042666666666666665
2 0.271 0.5646666666666667 0.032 0.04
0 0.217 0.5653333333333334 0.056 0.04133333333333333
1 0.3685 0.5653333333333334 0.044 0.03866666666666667
5 0.4695 0.5653333333333334 0.036 0.04666666666666667
1 0.318 0.566 0.043 0.04133333333333333