4 0.6595 0.25466666666666665 0.059 0.04666666666666667
4 0.567 0.27 0.048 0.04
4 0.3995 0.2773333333333333 0.045 0.042666666666666665
4 0.4815 0.2793333333333333 0.042 0.042666666666666665
4 0.3115 0.2853333333333333 0.031 0.032
4 0.2345 0.28933333333333333 0.032 0.032
5 0.8205 0.31066666666666665 0.053 0.050666666666666665
5 0.733 0.31133333333333335 0.044 0.044
5 0.653 0.32 0.041 0.04666666666666667
5 0.5605 0.3333333333333333 0.042 0.04533333333333334
5 0.389 0.3393333333333333 0.037 0.03866666666666667
5 0.47 0.3393333333333333 0.047 0.048
5 0.2245 0.3433333333333333 0.04 0.04533333333333334
5 0.3265 0.348 0.031 0.044
6 0.8125 0.37733333333333335 0.06 0.042666666666666665
6 0.7225 0.37866666666666665 0.054 0.048
6 0.6395 0.384 0.052 0.04666666666666667
6 0.5405 0.3913333333333333 0.059 0.042666666666666665
6 0.465 0.392 0.048 0.04133333333333333
6 0.388 0.394 0.044 0.04133333333333333
6 0.3165 0.39466666666666667 0.033 0.03333333333333333
6 0.2125 0.3993333333333333 0.036 0.037333333333333336
7 0.8215 0.42733333333333334 0.055 0.04533333333333334
7 0.7055 0.43 0.046 0.048
7 0.627 0.43533333333333335 0.033 0.036
7 0.3735 0.44066666666666665 0.033 0.03866666666666667
7 0.529 0.44066666666666665 0.044 0.04133333333333333
7 0.445 0.446 0.038 0.044
7 0.303 0.44733333333333336 0.037 0.036
7 0.2045 0.4573333333333333 0.041 0.050666666666666665
8 0.6175 0.4826666666666667 0.036 0.036
8 0.8165 0.486 0.045 0.04666666666666667
8 0.701 0.488 0.041 0.04533333333333334
8 0.433 0.48933333333333334 0.026 0.03866666666666667
8 0.5065 0.49133333333333334 0.044 0.036
8 0.3625 0.498 0.037 0.03866666666666667
8 0.289 0.5 0.033 0.04133333333333333
8 0.1945 0.5113333333333333 0.04 0.036
9 0.3535 0.5553333333333333 0.038 0.042666666666666665
9 0.434 0.558 0.034 0.03866666666666667
9 0.197 0.558 0.026 0.03866666666666667
9 0.282 0.5586666666666666 0.028 0.036
9 0.5145 0.5626666666666666 0.042 0.056
9 0.693 0.568 0.034 0.050666666666666665
9 0.6105 0.5706666666666667 0.043 0.050666666666666665
9 0.776 0.576 0.035 0.04666666666666667
2 0.8365 0.059333333333333335 0.055 0.04
10 0.182 0.6193333333333333 0.029 0.050666666666666665
10 0.255 0.6193333333333333 0.025 0.03333333333333333
10 0.3125 0.6213333333333333 0.03 0.032
10 0.3755 0.6333333333333333 0.067 0.04666666666666667
10 0.463 0.6346666666666667 0.037 0.044
10 0.538 0.648 0.048 0.05466666666666667
10 0.6225 0.6533333333333333 0.052 0.05333333333333334
10 0.7545 0.6613333333333333 0.058 0.058666666666666666
10 0.8335 0.6686666666666666 0.04 0.06533333333333333
2 0.735 0.076 0.035 0.03866666666666667
2 0.6555 0.08733333333333333 0.033 0.036
2 0.581 0.09666666666666666 0.033 0.036
2 0.502 0.10533333333333333 0.026 0.044
1 0.838 0.11466666666666667 0.049 0.03333333333333333
2 0.425 0.11866666666666667 0.031 0.036
1 0.753 0.122 0.052 0.037333333333333336
2 0.34 0.12733333333333333 0.041 0.03866666666666667
1 0.6725 0.13333333333333333 0.044 0.029333333333333333
2 0.259 0.13533333333333333 0.052 0.037333333333333336
1 0.59 0.144 0.046 0.032
1 0.506 0.162 0.037 0.029333333333333333
1 0.4225 0.166 0.06 0.044
1 0.34 0.17333333333333334 0.036 0.034666666666666665
3 0.8315 0.17533333333333334 0.069 0.037333333333333336
3 0.7505 0.18666666666666668 0.057 0.044
1 0.249 0.19066666666666668 0.032 0.02666666666666667
3 0.6745 0.19133333333333333 0.064 0.036
3 0.586 0.206 0.061 0.04133333333333333
3 0.493 0.21666666666666667 0.045 0.048
3 0.409 0.224 0.049 0.044
3 0.3295 0.23133333333333334 0.041 0.048
4 0.844 0.23266666666666666 0.063 0.04666666666666667
3 0.243 0.236 0.049 0.04666666666666667
4 0.7555 0.24133333333333334 0.068 0.04133333333333333