2 0.1005 0.4706666666666667 0.077 0.07466666666666667
0 0.036 0.47333333333333333 0.064 0.048
1 0.316 0.474 0.081 0.05466666666666667
1 0.214 0.4746666666666667 0.071 0.06933333333333333
3 0.408 0.476 0.068 0.06266666666666666
5 0.487 0.48133333333333334 0.066 0.07866666666666666
4 0.568 0.49333333333333335 0.069 0.08933333333333333
4 0.6415 0.49666666666666665 0.056 0.07733333333333334
10 0.7115 0.49666666666666665 0.059 0.08266666666666667
1 0.87 0.5 0.082 0.07866666666666666
9 0.7965 0.5006666666666667 0.056 0.08533333333333333
0 0.96 0.5093333333333333 0.052 0.048