2 0.4435 0.38133333333333336 0.043 0.096
0 0.3755 0.38533333333333336 0.057 0.08933333333333333
3 0.5975 0.40066666666666667 0.052 0.10533333333333333
5 0.649 0.4093333333333333 0.047 0.148
1 0.493 0.4126666666666667 0.049 0.064
1 0.5415 0.4126666666666667 0.047 0.06266666666666666
4 0.6935 0.42 0.046 0.10266666666666667
9 0.9035 0.42133333333333334 0.049 0.11866666666666667
4 0.7485 0.426 0.043 0.096
10 0.7935 0.434 0.051 0.09466666666666666
10 0.8515 0.43866666666666665 0.052 0.10933333333333334
0 0.9645 0.44066666666666665 0.052 0.09466666666666666