11 0.2395 0.27466666666666667 0.036 0.036
11 0.316 0.298 0.023 0.02666666666666667
17 0.587 0.306 0.024 0.028
16 0.7335 0.30933333333333335 0.036 0.036
2 0.42 0.31066666666666665 0.035 0.02666666666666667
3 0.5085 0.32066666666666666 0.039 0.034666666666666665
5 0.6585 0.3333333333333333 0.026 0.036
16 0.577 0.3446666666666667 0.04 0.032
10 0.218 0.346 0.033 0.032
6 0.813 0.34933333333333333 0.032 0.034666666666666665
12 0.2965 0.3626666666666667 0.047 0.04
17 0.717 0.3626666666666667 0.031 0.029333333333333333
10 0.468 0.366 0.02 0.034666666666666665
15 0.404 0.36733333333333335 0.035 0.028
4 0.549 0.388 0.036 0.029333333333333333
12 0.282 0.41 0.036 0.030666666666666665
9 0.1995 0.412 0.028 0.03866666666666667
15 0.8725 0.418 0.046 0.04133333333333333
7 0.78 0.4186666666666667 0.034 0.036
8 0.383 0.42333333333333334 0.031 0.036
1 0.439 0.42333333333333334 0.026 0.024
24 0.5135 0.426 0.036 0.028
1 0.625 0.42933333333333334 0.033 0.03333333333333333
13 0.7035 0.43466666666666665 0.038 0.02666666666666667
23 0.33 0.44866666666666666 0.041 0.03866666666666667
22 0.2475 0.4573333333333333 0.039 0.036
14 0.5795 0.46266666666666667 0.035 0.037333333333333336
18 0.77 0.48133333333333334 0.044 0.037333333333333336
19 0.435 0.48333333333333334 0.045 0.034666666666666665
3 0.1585 0.486 0.036 0.032
25 0.6495 0.49666666666666665 0.029 0.036
2 0.3285 0.504 0.044 0.03333333333333333
20 0.538 0.5053333333333333 0.041 0.036
21 0.246 0.5086666666666667 0.033 0.034666666666666665
9 0.8275 0.5453333333333333 0.032 0.04133333333333333
32 0.3255 0.546 0.034 0.030666666666666665
5 0.185 0.548 0.023 0.04
33 0.4195 0.5493333333333333 0.045 0.03333333333333333
4 0.122 0.5513333333333333 0.046 0.04
34 0.5105 0.5513333333333333 0.049 0.036
35 0.7255 0.5533333333333333 0.042 0.04
31 0.229 0.5833333333333334 0.03 0.036
26 0.5965 0.5886666666666667 0.044 0.044
24 0.3975 0.6073333333333333 0.042 0.034666666666666665
6 0.294 0.6073333333333333 0.03 0.036
28 0.4825 0.624 0.049 0.03866666666666667
30 0.7555 0.6346666666666667 0.037 0.036
7 0.5535 0.648 0.032 0.03866666666666667
29 0.65 0.67 0.04 0.034666666666666665
8 0.7895 0.686 0.042 0.03866666666666667