3 0.4795 0.42533333333333334 0.058 0.11733333333333333
4 0.537 0.42733333333333334 0.056 0.09866666666666667
8 0.746 0.42733333333333334 0.061 0.11333333333333333
9 0.8195 0.42866666666666664 0.058 0.116
2 0.283 0.432 0.068 0.1
1 0.407 0.43333333333333335 0.056 0.10266666666666667
5 0.606 0.43333333333333335 0.054 0.124
0 0.964 0.436 0.037 0.064
1 0.3505 0.43666666666666665 0.046 0.09866666666666667
10 0.8955 0.438 0.066 0.148
10 0.679 0.43933333333333335 0.067 0.136
0 0.2125 0.448 0.041 0.064
24 0.1315 0.458 0.074 0.124