25 0.1395 0.41733333333333333 0.039 0.048
19 0.178 0.4206666666666667 0.016 0.03866666666666667
24 0.3285 0.42133333333333334 0.036 0.048
1 0.5185 0.4226666666666667 0.031 0.050666666666666665
0 0.438 0.42333333333333334 0.024 0.025333333333333333
2 0.477 0.424 0.024 0.052
7 0.711 0.424 0.035 0.048
6 0.7505 0.424 0.035 0.04933333333333333
25 0.215 0.42533333333333334 0.034 0.029333333333333333
3 0.5935 0.42533333333333334 0.035 0.04933333333333333
4 0.6725 0.42533333333333334 0.033 0.056
1 0.556 0.426 0.034 0.042666666666666665
4 0.6335 0.426 0.036 0.050666666666666665
15 0.252 0.4266666666666667 0.032 0.029333333333333333
4 0.7905 0.4266666666666667 0.034 0.04666666666666667
3 0.8295 0.4266666666666667 0.036 0.048
25 0.981 0.4266666666666667 0.037 0.052
1 0.366 0.42866666666666664 0.034 0.032
0 0.874 0.43133333333333335 0.026 0.03333333333333333