12 0.86 0.278 0.035 0.030666666666666665
12 0.5075 0.2786666666666667 0.03 0.030666666666666665
12 0.7645 0.2786666666666667 0.038 0.03333333333333333
12 0.814 0.2793333333333333 0.027 0.028
12 0.599 0.28 0.034 0.032
12 0.657 0.2806666666666667 0.035 0.036
12 0.712 0.2806666666666667 0.043 0.036
12 0.5515 0.2813333333333333 0.03 0.02666666666666667
12 0.4075 0.284 0.028 0.02666666666666667
12 0.457 0.284 0.031 0.030666666666666665
12 0.353 0.2886666666666667 0.041 0.028
12 0.1805 0.2906666666666667 0.039 0.032
12 0.123 0.292 0.039 0.036
12 0.242 0.292 0.039 0.036
12 0.2985 0.2946666666666667 0.041 0.036
12 0.07 0.296 0.041 0.03866666666666667
13 0.8655 0.316 0.028 0.02666666666666667
13 0.814 0.31933333333333336 0.023 0.024
13 0.763 0.32 0.025 0.02666666666666667
13 0.708 0.32066666666666666 0.031 0.02666666666666667
13 0.649 0.32133333333333336 0.024 0.02666666666666667
13 0.4105 0.32266666666666666 0.022 0.024
13 0.598 0.3233333333333333 0.03 0.02666666666666667
13 0.463 0.32466666666666666 0.027 0.029333333333333333
13 0.554 0.326 0.022 0.02666666666666667
13 0.508 0.3273333333333333 0.028 0.024
13 0.229 0.32866666666666666 0.025 0.02266666666666667
13 0.1745 0.3293333333333333 0.027 0.028
13 0.352 0.3313333333333333 0.03 0.02666666666666667
13 0.113 0.334 0.032 0.02666666666666667
13 0.2965 0.334 0.033 0.024
13 0.0665 0.3353333333333333 0.03 0.02666666666666667
15 0.8715 0.35133333333333333 0.021 0.030666666666666665
14 0.8335 0.3546666666666667 0.025 0.032
14 0.7445 0.35533333333333333 0.025 0.036
14 0.597 0.3566666666666667 0.026 0.034666666666666665
14 0.788 0.3566666666666667 0.023 0.034666666666666665
14 0.698 0.36 0.028 0.032
14 0.4605 0.3606666666666667 0.028 0.034666666666666665
14 0.404 0.3606666666666667 0.025 0.032
14 0.5055 0.36133333333333334 0.038 0.034666666666666665
14 0.5525 0.362 0.028 0.032
14 0.6475 0.362 0.031 0.03333333333333333
14 0.349 0.3626666666666667 0.032 0.03333333333333333
14 0.161 0.36666666666666664 0.024 0.03866666666666667
14 0.225 0.36666666666666664 0.03 0.04
14 0.286 0.36666666666666664 0.03 0.03866666666666667
14 0.1145 0.37466666666666665 0.029 0.037333333333333336
14 0.075 0.37666666666666665 0.031 0.03866666666666667
15 0.8815 0.396 0.028 0.034666666666666665
15 0.8495 0.3973333333333333 0.031 0.028
15 0.8165 0.398 0.031 0.030666666666666665
15 0.779 0.3993333333333333 0.034 0.032
15 0.744 0.4013333333333333 0.035 0.029333333333333333
15 0.7135 0.4033333333333333 0.029 0.032
15 0.681 0.4033333333333333 0.034 0.032
15 0.6025 0.404 0.029 0.030666666666666665
15 0.6425 0.4046666666666667 0.025 0.030666666666666665
15 0.5645 0.406 0.029 0.034666666666666665
15 0.488 0.408 0.029 0.030666666666666665
15 0.5215 0.4086666666666667 0.028 0.029333333333333333
15 0.448 0.41 0.037 0.030666666666666665
15 0.4045 0.41133333333333333 0.029 0.029333333333333333
15 0.359 0.412 0.034 0.030666666666666665
15 0.312 0.414 0.032 0.032
15 0.269 0.416 0.033 0.030666666666666665
15 0.2165 0.4186666666666667 0.032 0.030666666666666665
15 0.1665 0.42333333333333334 0.029 0.029333333333333333
15 0.116 0.424 0.026 0.028
15 0.0735 0.426 0.034 0.036
16 0.847 0.43466666666666665 0.037 0.034666666666666665
16 0.811 0.43533333333333335 0.032 0.034666666666666665
16 0.8865 0.43666666666666665 0.043 0.036
16 0.7765 0.438 0.035 0.032
16 0.736 0.438 0.034 0.037333333333333336
16 0.7005 0.43866666666666665 0.032 0.036
16 0.656 0.43933333333333335 0.029 0.032
16 0.6215 0.442 0.032 0.034666666666666665
16 0.578 0.446 0.037 0.037333333333333336
16 0.5325 0.448 0.027 0.03333333333333333
16 0.4875 0.4493333333333333 0.031 0.03333333333333333
16 0.4035 0.4513333333333333 0.031 0.036
16 0.4435 0.4513333333333333 0.027 0.03333333333333333
16 0.3565 0.454 0.037 0.036
16 0.3145 0.4573333333333333 0.036 0.032
16 0.2645 0.458 0.045 0.036
16 0.216 0.45866666666666667 0.044 0.04
16 0.167 0.46066666666666667 0.035 0.03866666666666667
16 0.1235 0.462 0.035 0.036
16 0.077 0.4653333333333333 0.048 0.03866666666666667
17 0.827 0.4866666666666667 0.022 0.028
17 0.861 0.488 0.024 0.029333333333333333
17 0.797 0.4886666666666667 0.026 0.029333333333333333
17 0.7635 0.48933333333333334 0.026 0.030666666666666665
17 0.8955 0.49 0.026 0.034666666666666665
17 0.7275 0.49066666666666664 0.022 0.030666666666666665
17 0.694 0.49066666666666664 0.034 0.04133333333333333
17 0.66 0.49133333333333334 0.029 0.032
17 0.63 0.49266666666666664 0.031 0.03333333333333333
17 0.5895 0.49466666666666664 0.03 0.032
17 0.4875 0.49733333333333335 0.029 0.032
17 0.5225 0.49866666666666665 0.028 0.03333333333333333
17 0.5525 0.49933333333333335 0.023 0.030666666666666665
17 0.4505 0.5 0.031 0.04
17 0.3625 0.5033333333333333 0.029 0.034666666666666665
17 0.326 0.5033333333333333 0.034 0.034666666666666665
17 0.2855 0.5053333333333333 0.028 0.036
17 0.405 0.5066666666666667 0.034 0.034666666666666665
17 0.249 0.5066666666666667 0.035 0.032
17 0.209 0.5086666666666667 0.027 0.032
17 0.168 0.51 0.027 0.03333333333333333
17 0.1275 0.5113333333333333 0.034 0.036
17 0.0785 0.5146666666666667 0.034 0.03866666666666667
18 0.8925 0.5286666666666666 0.029 0.02666666666666667
18 0.9245 0.5286666666666666 0.028 0.029333333333333333
18 0.8575 0.5293333333333333 0.022 0.029333333333333333
18 0.8185 0.5293333333333333 0.022 0.029333333333333333
18 0.7775 0.5326666666666666 0.027 0.02666666666666667
18 0.744 0.534 0.024 0.02666666666666667
18 0.703 0.5346666666666666 0.032 0.032
18 0.664 0.536 0.032 0.028
18 0.6225 0.538 0.026 0.028
18 0.5805 0.542 0.03 0.034666666666666665
18 0.537 0.5426666666666666 0.032 0.032
18 0.489 0.5433333333333333 0.03 0.032
18 0.4105 0.546 0.025 0.028
18 0.2465 0.548 0.028 0.032
18 0.37 0.5493333333333333 0.028 0.029333333333333333
18 0.2875 0.5493333333333333 0.029 0.03333333333333333
18 0.212 0.5506666666666666 0.027 0.032
18 0.3285 0.5506666666666666 0.029 0.029333333333333333
18 0.158 0.554 0.031 0.03333333333333333
18 0.1155 0.5606666666666666 0.024 0.030666666666666665
18 0.0795 0.5626666666666666 0.032 0.03866666666666667
11 0.603 0.23866666666666667 0.027 0.03866666666666667
11 0.7145 0.23933333333333334 0.028 0.03866666666666667
11 0.508 0.24 0.035 0.034666666666666665
11 0.661 0.24 0.039 0.036
11 0.812 0.24066666666666667 0.027 0.037333333333333336
11 0.5525 0.24066666666666667 0.023 0.042666666666666665
11 0.302 0.24266666666666667 0.029 0.03866666666666667
11 0.764 0.24266666666666667 0.02 0.03333333333333333
11 0.4565 0.24333333333333335 0.034 0.037333333333333336
11 0.409 0.24333333333333335 0.035 0.036
11 0.856 0.24333333333333335 0.025 0.036
11 0.128 0.24533333333333332 0.026 0.04
11 0.246 0.24533333333333332 0.031 0.036
11 0.189 0.24666666666666667 0.032 0.04133333333333333
11 0.072 0.24666666666666667 0.031 0.03866666666666667
11 0.353 0.24733333333333332 0.029 0.04133333333333333