5 0.769 0.46266666666666667 0.057 0.10266666666666667
9 0.8395 0.46266666666666667 0.045 0.08933333333333333
7 0.6895 0.4646666666666667 0.051 0.10266666666666667
4 0.603 0.4673333333333333 0.061 0.1
9 0.91 0.4693333333333333 0.039 0.08533333333333333
3 0.4805 0.47 0.053 0.10533333333333333
0 0.9735 0.47 0.051 0.05733333333333333
4 0.548 0.4713333333333333 0.045 0.108
1 0.4095 0.482 0.058 0.09333333333333334
1 0.3345 0.4866666666666667 0.058 0.10266666666666667
2 0.254 0.5013333333333333 0.063 0.11066666666666666
0 0.1585 0.5153333333333333 0.057 0.084