34 0.298 0.31133333333333335 0.062 0.09466666666666666
22 0.152 0.31666666666666665 0.05 0.11066666666666666
15 0.218 0.31666666666666665 0.057 0.08933333333333333
12 0.366 0.31733333333333336 0.056 0.09466666666666666
15 0.4355 0.3293333333333333 0.07 0.08933333333333333
33 0.66 0.3293333333333333 0.178 0.204
24 0.536 0.3413333333333333 0.087 0.09066666666666667
0 0.1985 0.5246666666666666 0.041 0.084
2 0.2975 0.532 0.064 0.084
1 0.3615 0.536 0.046 0.07733333333333334
1 0.417 0.5366666666666666 0.048 0.07333333333333333
3 0.4895 0.5406666666666666 0.036 0.07866666666666666
4 0.5565 0.5406666666666666 0.043 0.07066666666666667
7 0.684 0.542 0.038 0.064
4 0.613 0.5426666666666666 0.043 0.07466666666666667
6 0.7505 0.5466666666666666 0.059 0.06266666666666666
3 0.818 0.5466666666666666 0.05 0.07066666666666667
0 0.9525 0.5473333333333333 0.065 0.07333333333333333
7 0.892 0.5493333333333333 0.047 0.07066666666666667