3 0.146 0.25066666666666665 0.027 0.036
19 0.3645 0.258 0.035 0.03333333333333333
2 0.11 0.25866666666666666 0.032 0.037333333333333336
19 0.311 0.27266666666666667 0.035 0.03333333333333333
20 0.879 0.27466666666666667 0.059 0.050666666666666665
20 0.7825 0.278 0.05 0.04533333333333334
19 0.2555 0.2826666666666667 0.047 0.036
20 0.7215 0.2853333333333333 0.038 0.04
20 0.631 0.2946666666666667 0.051 0.04133333333333333
19 0.1765 0.2966666666666667 0.037 0.03866666666666667
19 0.116 0.30666666666666664 0.036 0.03866666666666667
20 0.5355 0.308 0.031 0.04
20 0.464 0.31533333333333335 0.028 0.034666666666666665
20 0.411 0.31933333333333336 0.027 0.036
20 0.326 0.32666666666666666 0.035 0.037333333333333336
20 0.271 0.33266666666666667 0.033 0.036
20 0.214 0.3353333333333333 0.03 0.04533333333333334
21 0.882 0.3413333333333333 0.059 0.04933333333333333
20 0.1095 0.3486666666666667 0.037 0.044
20 0.1545 0.3486666666666667 0.016 0.028
21 0.767 0.35133333333333333 0.053 0.044
21 0.6675 0.36 0.05 0.04133333333333333
21 0.566 0.36933333333333335 0.038 0.037333333333333336
21 0.493 0.37 0.038 0.034666666666666665
21 0.399 0.38333333333333336 0.038 0.034666666666666665
21 0.32 0.39466666666666667 0.031 0.030666666666666665
21 0.2435 0.3953333333333333 0.029 0.03866666666666667
21 0.1715 0.40066666666666667 0.025 0.04133333333333333
21 0.106 0.404 0.021 0.03866666666666667
22 0.8885 0.41133333333333333 0.056 0.04533333333333334
22 0.808 0.416 0.05 0.04
22 0.7325 0.422 0.042 0.04133333333333333
22 0.658 0.42533333333333334 0.041 0.044
22 0.5625 0.43133333333333335 0.041 0.03866666666666667
22 0.4885 0.436 0.041 0.036
22 0.408 0.444 0.039 0.03866666666666667
22 0.327 0.45266666666666666 0.031 0.037333333333333336
22 0.1035 0.4553333333333333 0.027 0.03866666666666667
22 0.169 0.456 0.029 0.04
22 0.243 0.4573333333333333 0.034 0.032
23 0.8235 0.4866666666666667 0.069 0.044
23 0.898 0.4886666666666667 0.038 0.032
23 0.7265 0.49733333333333335 0.057 0.03333333333333333
23 0.648 0.502 0.047 0.032
23 0.55 0.502 0.052 0.04133333333333333
23 0.465 0.504 0.043 0.04
23 0.3915 0.51 0.033 0.037333333333333336
23 0.3205 0.5113333333333333 0.03 0.028
23 0.088 0.5153333333333333 0.031 0.028
23 0.2385 0.516 0.031 0.029333333333333333
23 0.162 0.5186666666666667 0.046 0.034666666666666665
24 0.9045 0.55 0.05 0.04
24 0.4565 0.5533333333333333 0.04 0.037333333333333336
24 0.084 0.5546666666666666 0.03 0.030666666666666665
24 0.6375 0.5566666666666666 0.042 0.034666666666666665
24 0.8235 0.5573333333333333 0.041 0.034666666666666665
24 0.5375 0.5586666666666666 0.039 0.037333333333333336
24 0.1595 0.5593333333333333 0.026 0.028
24 0.3875 0.5606666666666666 0.034 0.032
24 0.3135 0.562 0.032 0.032
24 0.727 0.562 0.035 0.04
24 0.233 0.562 0.031 0.030666666666666665
1 0.073 0.5946666666666667 0.018 0.02266666666666667
1 0.151 0.5986666666666667 0.026 0.024
1 0.457 0.6013333333333334 0.039 0.02666666666666667
1 0.3765 0.6026666666666667 0.028 0.028
1 0.305 0.6033333333333334 0.032 0.02666666666666667
1 0.2225 0.6033333333333334 0.028 0.02666666666666667
1 0.5345 0.6046666666666667 0.035 0.025333333333333333
1 0.6185 0.6086666666666667 0.033 0.02666666666666667
1 0.7985 0.6113333333333333 0.039 0.029333333333333333
1 0.704 0.6126666666666667 0.04 0.032
1 0.874 0.6146666666666667 0.047 0.032
25 0.0705 0.632 0.018 0.029333333333333333
25 0.144 0.6386666666666667 0.023 0.034666666666666665
25 0.2175 0.646 0.024 0.028
25 0.286 0.6513333333333333 0.025 0.029333333333333333
25 0.3625 0.6573333333333333 0.029 0.034666666666666665
25 0.4455 0.6586666666666666 0.035 0.03866666666666667
25 0.52 0.668 0.043 0.036
25 0.598 0.6733333333333333 0.031 0.04
25 0.676 0.6766666666666666 0.028 0.042666666666666665
25 0.753 0.6886666666666666 0.054 0.050666666666666665
25 0.844 0.692 0.044 0.05466666666666667
19 0.918 0.192 0.038 0.04533333333333334
19 0.852 0.20133333333333334 0.069 0.04933333333333333
19 0.784 0.206 0.054 0.04666666666666667
19 0.728 0.212 0.048 0.037333333333333336
19 0.613 0.22866666666666666 0.049 0.042666666666666665
19 0.5365 0.238 0.053 0.044
11 0.188 0.246 0.027 0.037333333333333336
19 0.4495 0.248 0.052 0.04133333333333333