2 0.387 0.36866666666666664 0.054 0.08
0 0.317 0.37066666666666664 0.05 0.06666666666666667
1 0.4465 0.372 0.048 0.06533333333333333
1 0.495 0.374 0.047 0.072
3 0.6115 0.378 0.044 0.07466666666666667
8 0.68 0.37866666666666665 0.039 0.076
3 0.5575 0.38133333333333336 0.042 0.07866666666666666
8 0.7425 0.38266666666666665 0.04 0.06
3 0.801 0.3873333333333333 0.026 0.068
9 0.851 0.3913333333333333 0.038 0.064
0 0.9715 0.392 0.055 0.068
3 0.9145 0.39866666666666667 0.054 0.07333333333333333
8 0.5115 0.4766666666666667 0.053 0.084
1 0.384 0.4826666666666667 0.055 0.07333333333333333
3 0.4535 0.4826666666666667 0.052 0.084
1 0.281 0.48333333333333334 0.046 0.06133333333333333
4 0.696 0.484 0.037 0.06533333333333333
3 0.581 0.4846666666666667 0.036 0.06933333333333333
10 0.6415 0.4866666666666667 0.036 0.068
34 0.444 0.6106666666666667 0.041 0.06266666666666666
15 0.567 0.6126666666666667 0.061 0.06266666666666666
15 0.3895 0.6126666666666667 0.047 0.07866666666666666
25 0.279 0.614 0.05 0.09866666666666667
12 0.4985 0.614 0.043 0.06266666666666666
24 0.6255 0.614 0.053 0.058666666666666666
22 0.329 0.616 0.048 0.07733333333333334
11 0.7345 0.6186666666666667 0.06 0.068
23 0.815 0.6226666666666667 0.063 0.064
7 0.4595 0.7273333333333334 0.041 0.06
3 0.5145 0.7313333333333333 0.04 0.05466666666666667
5 0.561 0.7313333333333333 0.028 0.06
9 0.606 0.734 0.037 0.05733333333333333