2 0.3615 0.228 0.065 0.12266666666666666
10 0.2755 0.23333333333333334 0.071 0.12933333333333333
8 0.4295 0.4266666666666667 0.051 0.09733333333333333
8 0.3765 0.43333333333333335 0.049 0.09733333333333333
1 0.486 0.436 0.061 0.06266666666666666
2 0.3185 0.438 0.056 0.09866666666666667
0 0.941 0.6346666666666667 0.051 0.07333333333333333
9 0.815 0.6386666666666667 0.049 0.1
3 0.7515 0.6506666666666666 0.054 0.09333333333333334
8 0.678 0.652 0.061 0.10933333333333334
3 0.484 0.6546666666666666 0.054 0.09066666666666667
0 0.617 0.6546666666666666 0.046 0.064
3 0.547 0.66 0.076 0.10666666666666667
1 0.4165 0.6613333333333333 0.055 0.07866666666666666
1 0.368 0.6713333333333333 0.042 0.08533333333333333
2 0.3165 0.676 0.055 0.108
5 0.8675 0.6793333333333333 0.05 0.19066666666666668
0 0.228 0.68 0.06 0.06933333333333333