7 0.2915 0.444 0.058 0.13733333333333334
6 0.353 0.4493333333333333 0.088 0.136
23 0.2155 0.454 0.09 0.21466666666666667
1 0.4165 0.45466666666666666 0.068 0.08
3 0.5175 0.618 0.027 0.06666666666666667
4 0.553 0.622 0.03 0.06533333333333333
2 0.409 0.6253333333333333 0.045 0.07866666666666666
5 0.579 0.626 0.024 0.07333333333333333
0 0.34 0.63 0.058 0.06266666666666666
9 0.667 0.63 0.029 0.07066666666666667
10 0.633 0.6326666666666667 0.034 0.07466666666666667
1 0.471 0.634 0.028 0.042666666666666665
1 0.4425 0.6373333333333333 0.029 0.042666666666666665
1 0.7145 0.6426666666666667 0.034 0.04533333333333334
3 0.7555 0.6453333333333333 0.042 0.07333333333333333
0 0.804 0.646 0.04 0.04666666666666667