4 0.61 0.322 0.039 0.07466666666666667
7 0.6565 0.322 0.032 0.08
3 0.7525 0.3233333333333333 0.037 0.07733333333333334
6 0.7045 0.324 0.041 0.076
11 0.9 0.324 0.049 0.07866666666666666
7 0.8015 0.3253333333333333 0.042 0.08133333333333333
0 0.9585 0.3273333333333333 0.053 0.064
29 0.1685 0.3293333333333333 0.123 0.12133333333333333
4 0.5675 0.33 0.037 0.07733333333333334
3 0.519 0.33266666666666667 0.04 0.08
24 0.073 0.3353333333333333 0.082 0.128
1 0.4765 0.3373333333333333 0.038 0.06933333333333333
2 0.39 0.33866666666666667 0.062 0.104
1 0.4415 0.34 0.035 0.08
0 0.306 0.35133333333333333 0.064 0.08933333333333333
4 0.892 0.48533333333333334 0.049 0.09066666666666667
7 0.744 0.4886666666666667 0.047 0.09333333333333334
1 0.5845 0.48933333333333334 0.048 0.09066666666666667
6 0.6965 0.48933333333333334 0.048 0.09866666666666667
1 0.847 0.49 0.047 0.07866666666666666
9 0.458 0.492 0.059 0.10933333333333334
3 0.511 0.49266666666666664 0.048 0.096
9 0.7965 0.49333333333333335 0.046 0.09733333333333333
1 0.633 0.49866666666666665 0.045 0.09066666666666667
3 0.3825 0.5033333333333333 0.074 0.14533333333333334
13 0.14 0.5166666666666667 0.119 0.14