4 0.8405 0.27 0.049 0.034666666666666665
4 0.7685 0.27466666666666667 0.055 0.03333333333333333
4 0.685 0.2833333333333333 0.052 0.036
4 0.595 0.29133333333333333 0.038 0.029333333333333333
4 0.425 0.29733333333333334 0.043 0.034666666666666665
4 0.5125 0.29733333333333334 0.035 0.036
4 0.218 0.30133333333333334 0.035 0.032
4 0.316 0.30266666666666664 0.04 0.030666666666666665
5 0.8335 0.33466666666666667 0.039 0.04
5 0.7625 0.33466666666666667 0.038 0.03866666666666667
5 0.69 0.344 0.036 0.04
5 0.6025 0.35533333333333333 0.034 0.044
5 0.509 0.356 0.045 0.044
5 0.422 0.35933333333333334 0.029 0.036
5 0.211 0.3626666666666667 0.04 0.048
5 0.346 0.36333333333333334 0.035 0.037333333333333336
6 0.8375 0.39266666666666666 0.049 0.036
6 0.763 0.39666666666666667 0.041 0.04
6 0.689 0.40066666666666667 0.04 0.044
6 0.5955 0.4066666666666667 0.046 0.037333333333333336
6 0.515 0.4093333333333333 0.045 0.036
6 0.43 0.41333333333333333 0.047 0.037333333333333336
6 0.3435 0.41533333333333333 0.04 0.03866666666666667
6 0.2095 0.424 0.041 0.036
7 0.8545 0.434 0.044 0.03333333333333333
7 0.7575 0.44133333333333336 0.035 0.04
7 0.687 0.44533333333333336 0.039 0.032
7 0.5905 0.456 0.031 0.03333333333333333
7 0.4195 0.46066666666666667 0.031 0.037333333333333336
7 0.5015 0.4613333333333333 0.032 0.042666666666666665
7 0.333 0.4686666666666667 0.04 0.04
7 0.2085 0.4846666666666667 0.04 0.05333333333333334
8 0.861 0.486 0.037 0.036
8 0.6855 0.49133333333333334 0.034 0.03866666666666667
8 0.7615 0.49133333333333334 0.032 0.04
8 0.579 0.5033333333333333 0.035 0.036
8 0.498 0.5086666666666667 0.031 0.036
8 0.413 0.5193333333333333 0.031 0.04
8 0.3275 0.528 0.04 0.042666666666666665
8 0.2025 0.548 0.038 0.042666666666666665
9 0.84 0.5613333333333334 0.03 0.04533333333333334
9 0.7685 0.562 0.032 0.04133333333333333
9 0.6925 0.5713333333333334 0.03 0.052
9 0.597 0.572 0.046 0.056
9 0.5095 0.5786666666666667 0.034 0.03866666666666667
9 0.4165 0.5826666666666667 0.038 0.044
9 0.3275 0.5913333333333334 0.027 0.036
9 0.2145 0.5973333333333334 0.033 0.04133333333333333
10 0.905 0.6386666666666667 0.033 0.052
10 0.8395 0.6413333333333333 0.049 0.05333333333333334
10 0.7215 0.648 0.046 0.048
10 0.5535 0.6486666666666666 0.039 0.042666666666666665
10 0.639 0.6533333333333333 0.05 0.052
10 0.379 0.6553333333333333 0.038 0.03866666666666667
10 0.3045 0.66 0.032 0.036
10 0.4575 0.6613333333333333 0.068 0.058666666666666666
10 0.2065 0.6706666666666666 0.04 0.050666666666666665
2 0.804 0.128 0.04 0.032
2 0.716 0.132 0.023 0.030666666666666665
2 0.6525 0.136 0.023 0.029333333333333333
2 0.5835 0.13666666666666666 0.032 0.030666666666666665
2 0.509 0.14066666666666666 0.019 0.036
2 0.222 0.142 0.06 0.034666666666666665
2 0.4215 0.144 0.032 0.03333333333333333
2 0.3225 0.144 0.048 0.03333333333333333
1 0.8175 0.17466666666666666 0.034 0.024
1 0.742 0.17666666666666667 0.041 0.029333333333333333
1 0.674 0.17733333333333334 0.03 0.02
1 0.596 0.178 0.041 0.02666666666666667
1 0.4235 0.18866666666666668 0.058 0.034666666666666665
1 0.3315 0.18933333333333333 0.037 0.029333333333333333
1 0.5135 0.18933333333333333 0.025 0.02266666666666667
1 0.2205 0.19866666666666666 0.027 0.02666666666666667
3 0.8235 0.22533333333333333 0.039 0.02666666666666667
3 0.754 0.22933333333333333 0.043 0.032
3 0.69 0.23 0.052 0.024
3 0.6005 0.23333333333333334 0.037 0.034666666666666665
3 0.515 0.23933333333333334 0.042 0.037333333333333336
3 0.422 0.24333333333333335 0.041 0.03866666666666667
3 0.326 0.244 0.041 0.04
3 0.224 0.244 0.045 0.044