0 0.2135 0.5313333333333333 0.047 0.03866666666666667
2 0.254 0.5326666666666666 0.026 0.037333333333333336
1 0.29 0.542 0.037 0.04
1 0.328 0.546 0.038 0.036
3 0.372 0.5546666666666666 0.042 0.04533333333333334
5 0.41 0.5586666666666666 0.032 0.03866666666666667
4 0.4425 0.5653333333333334 0.036 0.044
4 0.484 0.5706666666666667 0.036 0.044
10 0.531 0.5766666666666667 0.047 0.048
9 0.5825 0.58 0.033 0.04933333333333333
1 0.64 0.5886666666666667 0.05 0.042666666666666665
0 0.6985 0.5906666666666667 0.055 0.05333333333333334