4 0.161 0.24933333333333332 0.038 0.04
4 0.273 0.256 0.044 0.04
4 0.3935 0.26266666666666666 0.048 0.04
4 0.751 0.2693333333333333 0.049 0.034666666666666665
4 0.819 0.272 0.047 0.03866666666666667
4 0.492 0.27266666666666667 0.041 0.042666666666666665
4 0.5815 0.27266666666666667 0.037 0.04
4 0.6735 0.2733333333333333 0.046 0.04
5 0.1475 0.318 0.052 0.056
5 0.3075 0.3293333333333333 0.04 0.042666666666666665
5 0.3915 0.33066666666666666 0.039 0.044
5 0.746 0.33466666666666667 0.034 0.04
5 0.486 0.336 0.044 0.048
5 0.8145 0.336 0.039 0.04133333333333333
5 0.676 0.338 0.037 0.042666666666666665
5 0.5845 0.3433333333333333 0.038 0.050666666666666665
6 0.3035 0.38866666666666666 0.049 0.04533333333333334
6 0.1435 0.3893333333333333 0.051 0.044
6 0.399 0.392 0.054 0.04666666666666667
6 0.49 0.39266666666666666 0.052 0.04133333333333333
6 0.5755 0.39466666666666667 0.047 0.036
6 0.8125 0.39466666666666667 0.042 0.03866666666666667
6 0.6715 0.3953333333333333 0.042 0.04666666666666667
6 0.74 0.39666666666666667 0.047 0.048
7 0.8285 0.44133333333333336 0.049 0.034666666666666665
7 0.7355 0.44466666666666665 0.043 0.042666666666666665
7 0.6665 0.44466666666666665 0.032 0.036
7 0.385 0.44533333333333336 0.036 0.042666666666666665
7 0.287 0.44866666666666666 0.043 0.042666666666666665
7 0.569 0.44866666666666666 0.036 0.037333333333333336
7 0.477 0.4493333333333333 0.033 0.048
7 0.1385 0.46 0.055 0.06133333333333333
8 0.665 0.49 0.034 0.03866666666666667
8 0.739 0.492 0.033 0.04
8 0.828 0.492 0.041 0.03866666666666667
8 0.554 0.5 0.04 0.029333333333333333
8 0.4675 0.5 0.033 0.036
8 0.38 0.51 0.038 0.04133333333333333
8 0.2825 0.5146666666666667 0.039 0.03866666666666667
8 0.133 0.5333333333333333 0.044 0.04933333333333333
9 0.741 0.5666666666666667 0.029 0.042666666666666665
9 0.81 0.5713333333333334 0.034 0.042666666666666665
9 0.5715 0.5753333333333334 0.051 0.05733333333333333
9 0.48 0.576 0.034 0.037333333333333336
9 0.666 0.5766666666666667 0.033 0.05466666666666667
9 0.377 0.578 0.037 0.04666666666666667
9 0.2785 0.5893333333333334 0.034 0.04
9 0.144 0.594 0.039 0.04933333333333333
2 0.1665 0.06466666666666666 0.079 0.04533333333333334
10 0.865 0.6493333333333333 0.034 0.05333333333333334
10 0.807 0.6506666666666666 0.046 0.048
10 0.522 0.6573333333333333 0.038 0.042666666666666665
10 0.692 0.6586666666666666 0.054 0.04933333333333333
10 0.3315 0.662 0.039 0.04
10 0.6095 0.6626666666666666 0.041 0.050666666666666665
10 0.2485 0.668 0.035 0.04666666666666667
10 0.4185 0.6706666666666666 0.071 0.06266666666666666
10 0.128 0.6793333333333333 0.04 0.06133333333333333
2 0.2855 0.078 0.061 0.042666666666666665
2 0.3995 0.09133333333333334 0.044 0.04533333333333334
2 0.4935 0.098 0.027 0.042666666666666665
2 0.572 0.104 0.036 0.037333333333333336
2 0.644 0.10933333333333334 0.026 0.03333333333333333
2 0.7095 0.116 0.028 0.036
2 0.789 0.12133333333333333 0.039 0.032
1 0.1635 0.12533333333333332 0.032 0.030666666666666665
1 0.2965 0.13266666666666665 0.042 0.030666666666666665
1 0.401 0.14066666666666666 0.065 0.037333333333333336
1 0.585 0.15066666666666667 0.041 0.030666666666666665
1 0.497 0.15333333333333332 0.034 0.025333333333333333
1 0.664 0.15866666666666668 0.034 0.021333333333333333
1 0.734 0.164 0.039 0.030666666666666665
1 0.8015 0.17133333333333334 0.035 0.02666666666666667
3 0.1675 0.184 0.049 0.050666666666666665
3 0.287 0.19266666666666668 0.045 0.048
3 0.3995 0.20266666666666666 0.045 0.048
3 0.498 0.21133333333333335 0.048 0.04533333333333334
3 0.5885 0.21133333333333335 0.038 0.034666666666666665
3 0.677 0.21666666666666667 0.05 0.028
3 0.7425 0.222 0.044 0.03333333333333333
3 0.8065 0.22333333333333333 0.04 0.032