0 0.762 0.53 0.034 0.048
1 0.7165 0.538 0.039 0.04
9 0.67 0.5466666666666666 0.03 0.048
10 0.6235 0.5533333333333333 0.041 0.04533333333333334
4 0.578 0.56 0.035 0.050666666666666665
4 0.5335 0.5653333333333334 0.033 0.042666666666666665
5 0.4995 0.5693333333333334 0.035 0.042666666666666665
3 0.456 0.5746666666666667 0.048 0.04666666666666667
1 0.401 0.5813333333333334 0.043 0.03866666666666667
1 0.3505 0.586 0.046 0.044
2 0.3 0.5906666666666667 0.035 0.044
0 0.2415 0.5953333333333334 0.064 0.03866666666666667