2 0.2705 0.21133333333333335 0.0325 0.017333333333333333
3 0.3125 0.21866666666666668 0.0325 0.023333333333333334
11 0.3545 0.22733333333333333 0.025 0.02666666666666667
19 0.2605 0.25 0.045 0.030666666666666665
19 0.326 0.25933333333333336 0.05 0.028
19 0.407 0.272 0.049 0.032
20 0.2405 0.2786666666666667 0.047 0.032
19 0.4595 0.2813333333333333 0.047 0.028
19 0.51 0.28733333333333333 0.047 0.028
20 0.286 0.28933333333333333 0.022 0.02266666666666667
20 0.3475 0.298 0.041 0.032
19 0.5835 0.30133333333333334 0.052 0.036
20 0.4035 0.31333333333333335 0.037 0.02666666666666667
19 0.6455 0.31733333333333336 0.049 0.03866666666666667
21 0.2105 0.31933333333333336 0.031 0.036
20 0.4575 0.324 0.04 0.028
19 0.706 0.328 0.044 0.036
21 0.28 0.3353333333333333 0.041 0.04
20 0.5265 0.33866666666666667 0.034 0.030666666666666665
19 0.788 0.346 0.037 0.028
20 0.5725 0.35 0.032 0.028
21 0.353 0.3506666666666667 0.034 0.04
19 0.8265 0.354 0.043 0.034666666666666665
22 0.1865 0.35733333333333334 0.041 0.034666666666666665
20 0.628 0.362 0.032 0.030666666666666665
19 0.8725 0.362 0.05 0.034666666666666665
21 0.4255 0.37 0.035 0.037333333333333336
19 0.913 0.37333333333333335 0.035 0.030666666666666665
20 0.702 0.376 0.049 0.034666666666666665
22 0.2525 0.37733333333333335 0.039 0.034666666666666665
21 0.499 0.38133333333333336 0.043 0.036
20 0.7685 0.39 0.045 0.032
21 0.581 0.39466666666666667 0.036 0.03866666666666667
22 0.3295 0.3953333333333333 0.038 0.034666666666666665
20 0.8125 0.39666666666666667 0.046 0.029333333333333333
23 0.1475 0.4033333333333333 0.041 0.030666666666666665
21 0.6355 0.4106666666666667 0.044 0.044
22 0.4095 0.4126666666666667 0.035 0.030666666666666665
20 0.873 0.4126666666666667 0.053 0.03333333333333333
21 0.71 0.4226666666666667 0.043 0.03866666666666667
23 0.229 0.4246666666666667 0.047 0.036
22 0.484 0.4246666666666667 0.042 0.036
24 0.1205 0.43466666666666665 0.049 0.024
21 0.7825 0.436 0.05 0.037333333333333336
22 0.5555 0.43866666666666665 0.035 0.032
23 0.3055 0.44 0.038 0.028
22 0.6165 0.45 0.034 0.03333333333333333
21 0.8545 0.45066666666666666 0.045 0.04133333333333333
24 0.2075 0.4553333333333333 0.039 0.02266666666666667
23 0.3885 0.4553333333333333 0.037 0.02666666666666667
1 0.091 0.466 0.029 0.024
22 0.6875 0.4666666666666667 0.033 0.034666666666666665
23 0.4555 0.4686666666666667 0.039 0.037333333333333336
24 0.285 0.474 0.039 0.024
22 0.7405 0.47533333333333333 0.036 0.032
23 0.5205 0.482 0.041 0.03866666666666667
22 0.792 0.48333333333333334 0.043 0.030666666666666665
1 0.18 0.4866666666666667 0.029 0.024
24 0.3665 0.49133333333333334 0.046 0.028
25 0.0725 0.494 0.037 0.032
23 0.5885 0.49466666666666664 0.048 0.036
22 0.847 0.49733333333333335 0.044 0.037333333333333336
1 0.256 0.5053333333333333 0.034 0.028
24 0.431 0.5066666666666667 0.046 0.024
23 0.663 0.512 0.042 0.030666666666666665
24 0.497 0.516 0.052 0.02666666666666667
25 0.156 0.518 0.042 0.03333333333333333
1 0.339 0.5233333333333333 0.04 0.02666666666666667
23 0.7185 0.5233333333333333 0.043 0.028
23 0.7905 0.5326666666666666 0.056 0.044
24 0.564 0.5346666666666666 0.047 0.030666666666666665
1 0.409 0.5373333333333333 0.029 0.025333333333333333
25 0.233 0.5393333333333333 0.029 0.029333333333333333
23 0.836 0.5486666666666666 0.035 0.028
24 0.643 0.5493333333333333 0.044 0.02666666666666667
1 0.481 0.55 0.035 0.024
25 0.3025 0.5573333333333333 0.035 0.02666666666666667
1 0.5455 0.566 0.033 0.030666666666666665
24 0.709 0.5673333333333334 0.041 0.02666666666666667
25 0.378 0.5786666666666667 0.039 0.03866666666666667
24 0.775 0.58 0.042 0.02666666666666667
1 0.6105 0.5853333333333334 0.039 0.02266666666666667
24 0.83 0.586 0.047 0.024
25 0.452 0.592 0.047 0.037333333333333336
1 0.674 0.598 0.036 0.024
25 0.5155 0.6093333333333333 0.045 0.03866666666666667
1 0.743 0.612 0.032 0.024
1 0.796 0.6246666666666667 0.033 0.02666666666666667
25 0.577 0.6273333333333333 0.035 0.036
25 0.6415 0.6386666666666667 0.037 0.036
25 0.6925 0.6586666666666666 0.051 0.044
25 0.757 0.6706666666666666 0.047 0.037333333333333336