26 0.794 0.25 0.033 0.024
26 0.8595 0.25466666666666665 0.036 0.028
27 0.1875 0.26 0.023 0.02266666666666667
27 0.2545 0.2613333333333333 0.03 0.025333333333333333
27 0.3245 0.26466666666666666 0.029 0.024
27 0.394 0.26666666666666666 0.021 0.02266666666666667
27 0.462 0.2673333333333333 0.024 0.02
27 0.5295 0.2693333333333333 0.03 0.02266666666666667
27 0.5955 0.27066666666666667 0.023 0.024
27 0.66 0.27266666666666667 0.031 0.021333333333333333
27 0.7305 0.274 0.037 0.02666666666666667
27 0.804 0.2813333333333333 0.038 0.029333333333333333
27 0.869 0.2866666666666667 0.045 0.032
28 0.174 0.2966666666666667 0.029 0.02666666666666667
28 0.2325 0.2986666666666667 0.025 0.029333333333333333
28 0.368 0.302 0.028 0.024
28 0.297 0.302 0.029 0.024
28 0.4265 0.30266666666666664 0.032 0.028
28 0.4795 0.306 0.035 0.029333333333333333
28 0.552 0.30666666666666664 0.039 0.028
28 0.692 0.30866666666666664 0.04 0.029333333333333333
28 0.62 0.30933333333333335 0.033 0.032
10 0.7665 0.31 0.028 0.030666666666666665
28 0.8195 0.31533333333333335 0.035 0.030666666666666665
28 0.85 0.31866666666666665 0.027 0.032
29 0.1585 0.334 0.032 0.024
29 0.204 0.33666666666666667 0.032 0.021333333333333333
29 0.266 0.34 0.029 0.021333333333333333
29 0.3445 0.3446666666666667 0.024 0.018666666666666668
29 0.468 0.3473333333333333 0.036 0.024
29 0.4095 0.3473333333333333 0.039 0.02266666666666667
29 0.529 0.352 0.034 0.024
29 0.6 0.35533333333333333 0.03 0.025333333333333333
29 0.6635 0.35933333333333334 0.035 0.02266666666666667
29 0.72 0.36133333333333334 0.034 0.021333333333333333
29 0.7755 0.36466666666666664 0.029 0.024
30 0.1405 0.366 0.022 0.021333333333333333
29 0.829 0.368 0.036 0.028
30 0.192 0.37 0.027 0.021333333333333333
30 0.2515 0.37266666666666665 0.029 0.017333333333333333
30 0.3295 0.378 0.036 0.02266666666666667
30 0.3945 0.38266666666666665 0.032 0.02
30 0.456 0.3873333333333333 0.031 0.024
30 0.5165 0.39 0.035 0.024
30 0.5895 0.3933333333333333 0.035 0.02266666666666667
30 0.776 0.39666666666666667 0.033 0.021333333333333333
30 0.7165 0.3973333333333333 0.036 0.024
30 0.6545 0.398 0.035 0.024
31 0.131 0.39866666666666667 0.03 0.02
30 0.8315 0.3993333333333333 0.037 0.024
31 0.1805 0.402 0.032 0.018666666666666668
31 0.2425 0.404 0.032 0.02266666666666667
31 0.3185 0.4093333333333333 0.032 0.018666666666666668
31 0.3825 0.414 0.033 0.024
31 0.4455 0.41933333333333334 0.03 0.021333333333333333
31 0.505 0.426 0.036 0.024
32 0.122 0.432 0.032 0.021333333333333333
31 0.576 0.432 0.047 0.02
31 0.6825 0.43333333333333335 0.028 0.02266666666666667
31 0.734 0.434 0.033 0.024
31 0.6275 0.43466666666666665 0.035 0.02
32 0.172 0.43666666666666665 0.033 0.02
31 0.8375 0.43666666666666665 0.035 0.02666666666666667
31 0.785 0.44 0.032 0.028
32 0.241 0.44466666666666665 0.044 0.024
32 0.3145 0.44666666666666666 0.036 0.021333333333333333
32 0.401 0.454 0.045 0.02266666666666667
32 0.496 0.46266666666666667 0.035 0.021333333333333333
32 0.5915 0.4686666666666667 0.042 0.02
33 0.1025 0.474 0.022 0.024
32 0.683 0.48 0.059 0.025333333333333333
33 0.1415 0.48133333333333334 0.024 0.024
32 0.766 0.482 0.042 0.024
32 0.827 0.4826666666666667 0.049 0.024
33 0.202 0.48733333333333334 0.026 0.02266666666666667
33 0.2545 0.49466666666666664 0.029 0.017333333333333333
33 0.3175 0.49666666666666665 0.039 0.025333333333333333
33 0.371 0.5006666666666667 0.031 0.024
33 0.422 0.5053333333333333 0.027 0.02
34 0.0895 0.512 0.023 0.024
33 0.4935 0.5126666666666667 0.04 0.036
34 0.14 0.518 0.028 0.02666666666666667
33 0.5625 0.5193333333333333 0.037 0.029333333333333333
33 0.623 0.5226666666666666 0.036 0.02666666666666667
34 0.1925 0.524 0.03 0.02666666666666667
33 0.6805 0.526 0.039 0.02666666666666667
33 0.791 0.53 0.041 0.02666666666666667
33 0.7395 0.532 0.036 0.029333333333333333
34 0.237 0.532 0.02 0.024
34 0.292 0.5413333333333333 0.026 0.02666666666666667
34 0.3485 0.55 0.024 0.032
35 0.079 0.55 0.033 0.032
34 0.4245 0.5586666666666666 0.028 0.037333333333333336
35 0.145 0.5586666666666666 0.033 0.029333333333333333
35 0.205 0.5706666666666667 0.036 0.028
34 0.507 0.5733333333333334 0.031 0.032
35 0.281 0.5813333333333334 0.042 0.030666666666666665
34 0.5805 0.582 0.032 0.03866666666666667
34 0.6575 0.5893333333333334 0.03 0.036
35 0.348 0.5906666666666667 0.038 0.025333333333333333
34 0.728 0.5993333333333334 0.035 0.034666666666666665
34 0.7865 0.6053333333333333 0.045 0.03866666666666667
35 0.439 0.606 0.043 0.034666666666666665
35 0.515 0.6173333333333333 0.042 0.030666666666666665
35 0.591 0.6326666666666667 0.046 0.030666666666666665
35 0.665 0.644 0.036 0.032
35 0.741 0.6586666666666666 0.045 0.03333333333333333
35 0.801 0.6693333333333333 0.033 0.03866666666666667
26 0.1995 0.23 0.03 0.02666666666666667
10 0.264 0.236 0.029 0.028
10 0.3835 0.236 0.023 0.028
10 0.317 0.23733333333333334 0.017 0.02666666666666667
26 0.4575 0.23733333333333334 0.027 0.021333333333333333
26 0.519 0.23866666666666667 0.026 0.02266666666666667
26 0.587 0.24 0.03 0.02666666666666667
26 0.653 0.24333333333333335 0.033 0.028
26 0.7235 0.24666666666666667 0.036 0.025333333333333333