19 0.8205 0.24866666666666667 0.03 0.02266666666666667
19 0.7835 0.25533333333333336 0.049 0.028
19 0.7465 0.25733333333333336 0.044 0.02666666666666667
19 0.7105 0.2613333333333333 0.039 0.025333333333333333
19 0.6375 0.274 0.048 0.032
19 0.58 0.2806666666666667 0.05 0.032
19 0.5085 0.2886666666666667 0.057 0.028
20 0.821 0.294 0.036 0.032
11 0.2235 0.29733333333333334 0.031 0.03866666666666667
20 0.768 0.2986666666666667 0.034 0.030666666666666665
19 0.43 0.30133333333333334 0.041 0.02666666666666667
3 0.169 0.30266666666666664 0.027 0.03333333333333333
20 0.7285 0.306 0.036 0.030666666666666665
2 0.1155 0.31066666666666665 0.036 0.029333333333333333
19 0.378 0.314 0.041 0.032
20 0.668 0.31533333333333335 0.038 0.030666666666666665
19 0.319 0.322 0.059 0.030666666666666665
20 0.604 0.3273333333333333 0.041 0.034666666666666665
21 0.8445 0.3313333333333333 0.045 0.02666666666666667
20 0.548 0.336 0.032 0.028
19 0.223 0.3406666666666667 0.051 0.034666666666666665
21 0.7795 0.342 0.037 0.02666666666666667
20 0.498 0.3433333333333333 0.033 0.030666666666666665
19 0.141 0.352 0.049 0.03866666666666667
20 0.416 0.35333333333333333 0.04 0.02666666666666667
21 0.7185 0.354 0.036 0.024
20 0.353 0.36333333333333334 0.035 0.03333333333333333
21 0.648 0.36666666666666664 0.034 0.025333333333333333
22 0.8705 0.37 0.039 0.02266666666666667
20 0.285 0.37066666666666664 0.037 0.036
21 0.587 0.374 0.037 0.025333333333333333
22 0.8255 0.38066666666666665 0.035 0.024
20 0.216 0.386 0.023 0.024
22 0.781 0.38866666666666666 0.034 0.02666666666666667
20 0.1465 0.3913333333333333 0.057 0.042666666666666665
21 0.5055 0.392 0.04 0.02666666666666667
22 0.7325 0.39666666666666667 0.036 0.02666666666666667
21 0.43 0.4086666666666667 0.035 0.025333333333333333
22 0.663 0.4093333333333333 0.031 0.02666666666666667
23 0.899 0.41333333333333333 0.028 0.024
21 0.3435 0.42 0.041 0.032
23 0.8535 0.4206666666666667 0.051 0.032
22 0.605 0.4226666666666667 0.04 0.024
21 0.2605 0.43266666666666664 0.037 0.04133333333333333
22 0.535 0.43733333333333335 0.041 0.030666666666666665
23 0.8025 0.438 0.036 0.02266666666666667
21 0.166 0.446 0.036 0.04133333333333333
23 0.7505 0.448 0.04 0.02666666666666667
24 0.921 0.448 0.023 0.029333333333333333
22 0.459 0.45466666666666666 0.036 0.030666666666666665
23 0.675 0.46 0.042 0.030666666666666665
24 0.88 0.462 0.022 0.024
22 0.369 0.472 0.043 0.028
23 0.6065 0.474 0.044 0.030666666666666665
24 0.82 0.4766666666666667 0.019 0.030666666666666665
24 0.76 0.48333333333333334 0.032 0.029333333333333333
22 0.275 0.486 0.041 0.036
23 0.537 0.49 0.03 0.03866666666666667
1 0.9265 0.49 0.028 0.018666666666666668
22 0.184 0.496 0.04 0.04
1 0.884 0.49933333333333335 0.028 0.02
24 0.6875 0.502 0.031 0.034666666666666665
23 0.4685 0.502 0.03 0.028
24 0.6175 0.512 0.033 0.034666666666666665
1 0.825 0.514 0.026 0.02
23 0.382 0.5226666666666666 0.03 0.032
1 0.766 0.526 0.027 0.02
24 0.5545 0.5306666666666666 0.03 0.03333333333333333
1 0.6995 0.5373333333333333 0.029 0.02266666666666667
23 0.2885 0.54 0.053 0.030666666666666665
25 0.9305 0.5446666666666666 0.028 0.04
24 0.4845 0.5453333333333333 0.03 0.03333333333333333
1 0.6345 0.5506666666666666 0.032 0.024
25 0.8785 0.5573333333333333 0.033 0.03866666666666667
23 0.1815 0.5586666666666666 0.042 0.032
25 0.826 0.562 0.022 0.032
24 0.3925 0.564 0.021 0.032
1 0.56 0.5673333333333334 0.032 0.02666666666666667
25 0.7715 0.5753333333333334 0.022 0.03333333333333333
24 0.2995 0.5786666666666667 0.029 0.030666666666666665
1 0.4875 0.584 0.038 0.024
25 0.711 0.5866666666666667 0.034 0.030666666666666665
25 0.64 0.5966666666666667 0.033 0.03333333333333333
24 0.189 0.6013333333333334 0.039 0.04133333333333333
1 0.3935 0.606 0.031 0.02266666666666667
25 0.565 0.6166666666666667 0.028 0.032
1 0.303 0.6226666666666667 0.033 0.024
25 0.4855 0.6313333333333333 0.03 0.030666666666666665
1 0.186 0.644 0.033 0.030666666666666665
25 0.404 0.6466666666666666 0.028 0.030666666666666665
25 0.3085 0.664 0.032 0.03866666666666667
25 0.198 0.6866666666666666 0.031 0.036