19 0.464 0.24866666666666667 0.046 0.037333333333333336
19 0.5275 0.25066666666666665 0.039 0.037333333333333336
19 0.616 0.2633333333333333 0.048 0.042666666666666665
19 0.6925 0.274 0.046 0.03866666666666667
20 0.144 0.274 0.059 0.05466666666666667
19 0.7535 0.2846666666666667 0.04 0.04
20 0.2295 0.28933333333333333 0.023 0.029333333333333333
20 0.328 0.2926666666666667 0.045 0.04
19 0.8285 0.29533333333333334 0.034 0.032
19 0.86 0.29933333333333334 0.032 0.036
19 0.898 0.30666666666666664 0.038 0.032
20 0.417 0.30666666666666664 0.042 0.03866666666666667
19 0.932 0.312 0.021 0.032
20 0.4895 0.314 0.036 0.036
20 0.5825 0.326 0.026 0.034666666666666665
20 0.6355 0.3313333333333333 0.027 0.03333333333333333
20 0.699 0.338 0.027 0.036
20 0.7705 0.344 0.035 0.032
20 0.83 0.35133333333333333 0.027 0.030666666666666665
21 0.1465 0.3526666666666667 0.041 0.05466666666666667
20 0.867 0.35333333333333333 0.026 0.032
20 0.917 0.362 0.028 0.03333333333333333
21 0.2675 0.364 0.045 0.058666666666666666
21 0.3835 0.37466666666666665 0.046 0.052
21 0.577 0.38533333333333336 0.039 0.036
21 0.486 0.38666666666666666 0.036 0.037333333333333336
21 0.667 0.388 0.035 0.036
21 0.7265 0.39466666666666667 0.031 0.030666666666666665
21 0.7995 0.39866666666666667 0.036 0.034666666666666665
21 0.862 0.4026666666666667 0.031 0.032
21 0.922 0.408 0.034 0.036
22 0.1445 0.42533333333333334 0.056 0.050666666666666665
22 0.2655 0.43866666666666665 0.051 0.04533333333333334
22 0.39 0.44666666666666666 0.048 0.03866666666666667
22 0.666 0.44866666666666666 0.035 0.03333333333333333
22 0.5895 0.44866666666666666 0.039 0.03866666666666667
22 0.7275 0.44866666666666666 0.028 0.03333333333333333
22 0.5 0.45 0.04 0.04
22 0.7985 0.452 0.032 0.03333333333333333
22 0.8885 0.4533333333333333 0.029 0.030666666666666665
22 0.8445 0.4553333333333333 0.029 0.03333333333333333
22 0.929 0.456 0.033 0.032
23 0.9 0.5093333333333333 0.043 0.034666666666666665
23 0.1125 0.5113333333333333 0.05 0.03866666666666667
23 0.9375 0.512 0.021 0.02266666666666667
23 0.7205 0.5126666666666667 0.035 0.037333333333333336
23 0.6485 0.514 0.041 0.034666666666666665
23 0.4935 0.514 0.037 0.03333333333333333
23 0.8465 0.5153333333333333 0.035 0.024
23 0.796 0.5153333333333333 0.035 0.02666666666666667
23 0.573 0.5173333333333333 0.032 0.042666666666666665
23 0.3835 0.5173333333333333 0.035 0.030666666666666665
23 0.262 0.5193333333333333 0.059 0.04133333333333333
24 0.947 0.5533333333333333 0.024 0.029333333333333333
24 0.7925 0.558 0.029 0.029333333333333333
24 0.905 0.56 0.022 0.028
24 0.6455 0.5606666666666666 0.039 0.037333333333333336
24 0.8515 0.5646666666666667 0.024 0.034666666666666665
24 0.7175 0.5653333333333334 0.033 0.036
24 0.5725 0.5686666666666667 0.033 0.037333333333333336
24 0.2575 0.5706666666666667 0.041 0.036
24 0.49 0.5706666666666667 0.036 0.036
24 0.103 0.5713333333333334 0.056 0.04133333333333333
24 0.3805 0.5726666666666667 0.032 0.034666666666666665
1 0.935 0.598 0.025 0.02
1 0.896 0.6006666666666667 0.022 0.024
1 0.8405 0.6053333333333333 0.023 0.021333333333333333
1 0.6465 0.6066666666666667 0.031 0.028
1 0.7815 0.6066666666666667 0.025 0.02266666666666667
1 0.717 0.6066666666666667 0.03 0.02666666666666667
1 0.5655 0.6126666666666667 0.03 0.028
1 0.481 0.6193333333333333 0.038 0.030666666666666665
1 0.3665 0.626 0.041 0.030666666666666665
1 0.2465 0.6273333333333333 0.036 0.030666666666666665
1 0.0885 0.6333333333333333 0.041 0.03333333333333333
25 0.9235 0.656 0.026 0.042666666666666665
25 0.826 0.6573333333333333 0.021 0.034666666666666665
25 0.874 0.66 0.033 0.04
25 0.7715 0.6613333333333333 0.024 0.034666666666666665
25 0.71 0.664 0.034 0.032
25 0.639 0.6653333333333333 0.037 0.03866666666666667
25 0.5555 0.6733333333333333 0.031 0.042666666666666665
25 0.4625 0.6773333333333333 0.028 0.036
25 0.363 0.6793333333333333 0.037 0.036
25 0.2405 0.6826666666666666 0.038 0.052
25 0.086 0.688 0.042 0.042666666666666665
2 0.1285 0.14666666666666667 0.048 0.03333333333333333
3 0.2065 0.15666666666666668 0.05 0.04
11 0.279 0.17 0.032 0.04533333333333334
19 0.152 0.218 0.073 0.048
19 0.2605 0.22866666666666666 0.06 0.042666666666666665
19 0.3895 0.24 0.07 0.04