10 0.2785 0.416 0.061 0.068
2 0.353 0.42133333333333334 0.048 0.06533333333333333
2 0.295 0.5206666666666667 0.048 0.04533333333333334
8 0.3475 0.522 0.042 0.04666666666666667
8 0.395 0.5246666666666666 0.037 0.04933333333333333
1 0.444 0.5333333333333333 0.055 0.034666666666666665
24 0.1705 0.6386666666666667 0.044 0.064
0 0.0915 0.6393333333333333 0.071 0.05733333333333333
2 0.2745 0.6413333333333333 0.051 0.05466666666666667
1 0.3695 0.6426666666666667 0.043 0.04533333333333334
1 0.323 0.6446666666666667 0.037 0.042666666666666665
3 0.425 0.6466666666666666 0.047 0.04666666666666667
3 0.485 0.652 0.055 0.05733333333333333
8 0.5535 0.6573333333333333 0.042 0.06133333333333333
8 0.607 0.658 0.049 0.06266666666666666
3 0.672 0.6653333333333333 0.05 0.048
9 0.733 0.6666666666666666 0.052 0.05466666666666667
5 0.7865 0.6866666666666666 0.042 0.1
0 0.8955 0.696 0.096 0.07733333333333334