3 0.517 0.62 0.023 0.068
4 0.5525 0.622 0.025 0.06133333333333333
0 0.377 0.6226666666666667 0.034 0.04533333333333334
2 0.41 0.626 0.045 0.07066666666666667
5 0.578 0.63 0.023 0.07066666666666667
9 0.6655 0.6306666666666667 0.027 0.07066666666666667
1 0.4685 0.6353333333333333 0.03 0.044
10 0.633 0.6353333333333333 0.031 0.07866666666666666
1 0.4425 0.638 0.023 0.04533333333333334
1 0.714 0.6426666666666667 0.032 0.04666666666666667
3 0.7555 0.6453333333333333 0.042 0.06933333333333333
0 0.804 0.646 0.038 0.052