0 0.796 0.5546666666666666 0.05 0.048
0 0.2645 0.5586666666666666 0.057 0.04
1 0.408 0.5606666666666666 0.043 0.034666666666666665
5 0.502 0.5606666666666666 0.036 0.034666666666666665
2 0.319 0.5613333333333334 0.03 0.042666666666666665
9 0.686 0.5613333333333334 0.034 0.042666666666666665
3 0.46 0.5626666666666666 0.048 0.034666666666666665
1 0.742 0.5626666666666666 0.051 0.03333333333333333
1 0.3605 0.5633333333333334 0.04 0.04133333333333333
4 0.5835 0.5646666666666667 0.036 0.042666666666666665
4 0.5375 0.5653333333333334 0.036 0.04133333333333333
10 0.6335 0.5653333333333334 0.048 0.042666666666666665