3 0.4255 0.6033333333333334 0.039 0.05733333333333333
0 0.866 0.604 0.074 0.04533333333333334
10 0.6735 0.6053333333333333 0.048 0.05333333333333334
5 0.473 0.606 0.04 0.06
3 0.354 0.608 0.077 0.050666666666666665
4 0.5275 0.6093333333333333 0.04 0.058666666666666666
10 0.625 0.61 0.052 0.05466666666666667
8 0.7415 0.61 0.091 0.06266666666666666
4 0.565 0.6113333333333333 0.037 0.06133333333333333
1 0.299 0.6126666666666667 0.038 0.025333333333333333
2 0.2005 0.6133333333333333 0.051 0.03866666666666667
1 0.2545 0.6153333333333333 0.036 0.030666666666666665
0 0.1285 0.6246666666666667 0.063 0.04933333333333333