26 0.45 0.248 0.034 0.028
26 0.361 0.25266666666666665 0.038 0.034666666666666665
26 0.28 0.258 0.034 0.036
26 0.128 0.26 0.035 0.030666666666666665
26 0.212 0.2613333333333333 0.04 0.03333333333333333
27 0.749 0.264 0.035 0.024
27 0.8225 0.2673333333333333 0.044 0.02666666666666667
27 0.8825 0.2673333333333333 0.047 0.025333333333333333
27 0.68 0.268 0.028 0.02266666666666667
27 0.6125 0.27066666666666667 0.032 0.024
27 0.543 0.276 0.029 0.02266666666666667
27 0.4695 0.2793333333333333 0.026 0.02266666666666667
27 0.388 0.2846666666666667 0.032 0.02266666666666667
27 0.304 0.28933333333333333 0.038 0.024
27 0.215 0.2926666666666667 0.04 0.02666666666666667
27 0.1245 0.296 0.034 0.029333333333333333
28 0.7985 0.2986666666666667 0.029 0.02666666666666667
28 0.8455 0.29933333333333334 0.03 0.028
28 0.8725 0.3 0.022 0.028
28 0.7235 0.30266666666666664 0.039 0.028
28 0.655 0.31 0.031 0.029333333333333333
28 0.584 0.314 0.035 0.030666666666666665
28 0.504 0.31866666666666665 0.042 0.030666666666666665
28 0.4415 0.32133333333333336 0.038 0.02666666666666667
28 0.3745 0.3273333333333333 0.031 0.02266666666666667
28 0.2845 0.3333333333333333 0.035 0.024
28 0.203 0.33666666666666667 0.029 0.030666666666666665
28 0.1225 0.3393333333333333 0.038 0.034666666666666665
29 0.874 0.3486666666666667 0.032 0.024
29 0.821 0.3526666666666667 0.034 0.024
29 0.771 0.3546666666666667 0.036 0.024
29 0.713 0.358 0.042 0.02266666666666667
29 0.647 0.3606666666666667 0.035 0.024
29 0.572 0.36533333333333334 0.035 0.028
29 0.5055 0.368 0.039 0.02666666666666667
29 0.439 0.37066666666666664 0.042 0.02666666666666667
29 0.363 0.37733333333333335 0.032 0.024
30 0.885 0.38066666666666665 0.038 0.021333333333333333
29 0.262 0.382 0.037 0.024
30 0.835 0.38266666666666665 0.032 0.024
29 0.1165 0.38466666666666666 0.036 0.03333333333333333
29 0.1815 0.38466666666666666 0.043 0.02666666666666667
30 0.78 0.3893333333333333 0.036 0.024
30 0.7205 0.39666666666666667 0.032 0.024
30 0.653 0.3993333333333333 0.032 0.024
30 0.5735 0.4053333333333333 0.033 0.021333333333333333
30 0.509 0.408 0.03 0.02266666666666667
30 0.438 0.41133333333333333 0.032 0.021333333333333333
30 0.361 0.414 0.036 0.021333333333333333
31 0.9025 0.4146666666666667 0.036 0.02666666666666667
30 0.258 0.41933333333333334 0.031 0.02
31 0.856 0.42133333333333334 0.034 0.02666666666666667
31 0.8095 0.424 0.03 0.025333333333333333
30 0.1825 0.424 0.031 0.024
30 0.108 0.4266666666666667 0.031 0.02266666666666667
31 0.7605 0.428 0.032 0.028
31 0.705 0.43533333333333335 0.037 0.024
31 0.652 0.43866666666666665 0.038 0.024
31 0.5075 0.44266666666666665 0.036 0.024
31 0.575 0.44333333333333336 0.034 0.025333333333333333
31 0.436 0.446 0.04 0.028
31 0.354 0.45 0.038 0.02666666666666667
31 0.2615 0.45466666666666666 0.04 0.02666666666666667
32 0.9095 0.45666666666666667 0.046 0.02666666666666667
31 0.177 0.4633333333333333 0.038 0.024
32 0.854 0.4646666666666667 0.042 0.02266666666666667
31 0.11 0.466 0.043 0.028
32 0.778 0.472 0.06 0.025333333333333333
32 0.6825 0.4746666666666667 0.04 0.018666666666666668
32 0.58 0.4826666666666667 0.039 0.02266666666666667
32 0.471 0.488 0.047 0.02666666666666667
32 0.366 0.49066666666666664 0.044 0.024
32 0.273 0.5006666666666667 0.06 0.029333333333333333
32 0.183 0.5033333333333333 0.042 0.02666666666666667
32 0.1105 0.5073333333333333 0.05 0.028
33 0.899 0.51 0.045 0.030666666666666665
33 0.8515 0.5166666666666667 0.037 0.030666666666666665
33 0.7925 0.52 0.032 0.030666666666666665
33 0.7355 0.524 0.04 0.028
33 0.6765 0.5293333333333333 0.042 0.029333333333333333
33 0.597 0.5346666666666666 0.054 0.034666666666666665
33 0.5185 0.5393333333333333 0.029 0.024
33 0.46 0.5413333333333333 0.037 0.02666666666666667
33 0.3925 0.5453333333333333 0.035 0.029333333333333333
33 0.3135 0.556 0.033 0.029333333333333333
33 0.241 0.5566666666666666 0.034 0.02666666666666667
33 0.105 0.5593333333333333 0.028 0.028
33 0.1655 0.5606666666666666 0.032 0.025333333333333333
33 0.1065 0.5606666666666666 0.031 0.032
34 0.915 0.578 0.043 0.03866666666666667
34 0.8615 0.58 0.036 0.036
34 0.7905 0.5873333333333334 0.038 0.03333333333333333
34 0.711 0.5913333333333334 0.044 0.03866666666666667
34 0.634 0.5946666666666667 0.038 0.03333333333333333
34 0.5395 0.596 0.037 0.04
34 0.447 0.5993333333333334 0.032 0.034666666666666665
34 0.378 0.6 0.03 0.030666666666666665
34 0.246 0.602 0.037 0.036
34 0.3105 0.6033333333333334 0.031 0.028
34 0.108 0.608 0.034 0.03333333333333333
34 0.1805 0.608 0.034 0.030666666666666665
35 0.9525 0.6353333333333333 0.042 0.032
35 0.8975 0.636 0.05 0.02666666666666667
35 0.824 0.6366666666666667 0.045 0.02666666666666667
35 0.6615 0.638 0.053 0.028
35 0.7495 0.6386666666666667 0.046 0.02666666666666667
35 0.5825 0.6406666666666667 0.065 0.030666666666666665
35 0.473 0.6426666666666667 0.05 0.024
35 0.389 0.6453333333333333 0.061 0.028
35 0.2065 0.648 0.044 0.028
35 0.2925 0.65 0.052 0.028
35 0.117 0.654 0.06 0.036
26 0.861 0.23666666666666666 0.034 0.024
26 0.8005 0.23666666666666666 0.037 0.02266666666666667
26 0.7335 0.23733333333333334 0.038 0.028
26 0.661 0.23733333333333334 0.041 0.02666666666666667
26 0.5925 0.24133333333333334 0.04 0.02666666666666667
26 0.5195 0.24466666666666667 0.036 0.029333333333333333