11 0.23 0.2693333333333333 0.027 0.03866666666666667
17 0.567 0.2733333333333333 0.026 0.030666666666666665
16 0.709 0.2753333333333333 0.018 0.037333333333333336
2 0.3775 0.284 0.037 0.030666666666666665
3 0.487 0.29133333333333333 0.034 0.04
5 0.65 0.3006666666666667 0.031 0.04
6 0.789 0.31333333333333335 0.023 0.032
16 0.5725 0.316 0.03 0.036
17 0.714 0.33 0.027 0.030666666666666665
10 0.1035 0.342 0.036 0.04666666666666667
10 0.462 0.35 0.035 0.04
15 0.3855 0.3546666666666667 0.028 0.036
12 0.239 0.3566666666666667 0.054 0.052
4 0.566 0.36933333333333335 0.034 0.029333333333333333
15 0.8635 0.37533333333333335 0.025 0.034666666666666665
7 0.789 0.38266666666666665 0.021 0.036
13 0.7335 0.4046666666666667 0.027 0.025333333333333333
1 0.657 0.4053333333333333 0.024 0.028
24 0.5445 0.414 0.03 0.032
1 0.461 0.4206666666666667 0.026 0.034666666666666665
12 0.247 0.424 0.038 0.037333333333333336
8 0.3875 0.428 0.038 0.042666666666666665
9 0.1205 0.43666666666666665 0.027 0.04666666666666667
5 0.806 0.446 0.032 0.03333333333333333
14 0.6305 0.44733333333333336 0.029 0.034666666666666665
23 0.3365 0.466 0.041 0.050666666666666665
25 0.709 0.474 0.023 0.036
19 0.4885 0.49133333333333334 0.04 0.036
22 0.224 0.49133333333333334 0.05 0.03333333333333333
20 0.6095 0.5 0.029 0.03866666666666667
9 0.872 0.5013333333333333 0.021 0.03866666666666667
35 0.8 0.5173333333333333 0.041 0.034666666666666665
2 0.3675 0.5326666666666666 0.036 0.036
3 0.107 0.546 0.038 0.04133333333333333
34 0.6035 0.556 0.031 0.044
21 0.258 0.56 0.043 0.04533333333333334
33 0.508 0.5713333333333334 0.036 0.044
26 0.705 0.5806666666666667 0.041 0.048
32 0.388 0.5886666666666667 0.042 0.034666666666666665
30 0.8505 0.594 0.029 0.029333333333333333
5 0.193 0.6266666666666667 0.034 0.04533333333333334
8 0.893 0.6346666666666667 0.033 0.032
8 0.8925 0.6353333333333333 0.034 0.036
27 0.6105 0.642 0.023 0.04933333333333333
27 0.5105 0.644 0.044 0.03866666666666667
4 0.0935 0.6466666666666666 0.043 0.05333333333333334
29 0.7825 0.6493333333333333 0.034 0.032
7 0.6905 0.6513333333333333 0.022 0.04533333333333334
31 0.2795 0.666 0.039 0.042666666666666665
6 0.385 0.672 0.038 0.042666666666666665
11 0.091 0.24133333333333334 0.035 0.04533333333333334