26 0.156 0.24866666666666667 0.032 0.024
10 0.224 0.24933333333333332 0.028 0.028
27 0.715 0.25666666666666665 0.038 0.02666666666666667
27 0.8515 0.25933333333333336 0.041 0.032
27 0.645 0.26066666666666666 0.029 0.02
27 0.7875 0.2613333333333333 0.043 0.029333333333333333
27 0.5785 0.262 0.025 0.021333333333333333
27 0.5125 0.266 0.031 0.024
27 0.443 0.26866666666666666 0.029 0.021333333333333333
27 0.37 0.272 0.027 0.02266666666666667
27 0.2975 0.27466666666666667 0.031 0.025333333333333333
27 0.222 0.27666666666666667 0.034 0.024
27 0.1475 0.2813333333333333 0.031 0.028
10 0.7545 0.2906666666666667 0.033 0.029333333333333333
28 0.8085 0.29133333333333333 0.03 0.032
28 0.6795 0.29333333333333333 0.04 0.030666666666666665
28 0.8385 0.2946666666666667 0.022 0.029333333333333333
28 0.612 0.29933333333333334 0.034 0.030666666666666665
28 0.546 0.30266666666666664 0.035 0.032
28 0.4685 0.306 0.033 0.028
28 0.4095 0.306 0.031 0.028
28 0.3505 0.30933333333333335 0.03 0.025333333333333333
28 0.271 0.314 0.034 0.024
28 0.2045 0.31666666666666665 0.027 0.028
28 0.138 0.318 0.029 0.028
29 0.8275 0.3406666666666667 0.032 0.024
29 0.775 0.342 0.03 0.02266666666666667
29 0.721 0.3446666666666667 0.034 0.02266666666666667
29 0.6665 0.3453333333333333 0.043 0.024
29 0.5255 0.348 0.032 0.02
29 0.4665 0.3486666666666667 0.031 0.02266666666666667
29 0.5975 0.3486666666666667 0.035 0.02266666666666667
29 0.4005 0.35133333333333333 0.037 0.02266666666666667
29 0.332 0.35533333333333333 0.026 0.02
29 0.246 0.356 0.031 0.02266666666666667
29 0.179 0.35733333333333334 0.036 0.02266666666666667
29 0.128 0.35733333333333334 0.03 0.024
30 0.781 0.374 0.035 0.02
30 0.838 0.374 0.039 0.021333333333333333
30 0.723 0.37933333333333336 0.036 0.024
30 0.664 0.384 0.036 0.025333333333333333
30 0.596 0.384 0.038 0.018666666666666668
30 0.396 0.38666666666666666 0.028 0.021333333333333333
30 0.5205 0.3873333333333333 0.03 0.024
30 0.4585 0.38866666666666666 0.032 0.02
30 0.325 0.3893333333333333 0.031 0.02
30 0.237 0.39 0.031 0.02266666666666667
30 0.115 0.392 0.027 0.02
30 0.175 0.3933333333333333 0.026 0.02266666666666667
31 0.8475 0.4093333333333333 0.037 0.028
31 0.7975 0.412 0.031 0.02266666666666667
31 0.749 0.4126666666666667 0.033 0.024
31 0.6985 0.41733333333333333 0.033 0.021333333333333333
31 0.4525 0.41933333333333334 0.036 0.021333333333333333
31 0.3845 0.42 0.038 0.02266666666666667
31 0.642 0.42133333333333334 0.036 0.021333333333333333
31 0.2365 0.422 0.032 0.024
31 0.519 0.42333333333333334 0.042 0.02666666666666667
31 0.59 0.42333333333333334 0.041 0.024
31 0.3165 0.42333333333333334 0.04 0.025333333333333333
31 0.1645 0.4266666666666667 0.033 0.024
31 0.1095 0.4266666666666667 0.037 0.02266666666666667
32 0.8485 0.4513333333333333 0.049 0.025333333333333333
32 0.7865 0.45666666666666667 0.044 0.02
32 0.6115 0.458 0.034 0.02266666666666667
32 0.7065 0.45866666666666667 0.056 0.028
32 0.318 0.4593333333333333 0.04 0.021333333333333333
32 0.5135 0.4593333333333333 0.038 0.021333333333333333
32 0.412 0.4613333333333333 0.046 0.02
32 0.1655 0.46266666666666667 0.039 0.025333333333333333
32 0.1055 0.4633333333333333 0.04 0.021333333333333333
32 0.239 0.4646666666666667 0.054 0.02666666666666667
33 0.826 0.502 0.039 0.032
33 0.711 0.5066666666666667 0.035 0.02666666666666667
33 0.771 0.5066666666666667 0.041 0.028
33 0.6545 0.5086666666666667 0.038 0.02666666666666667
33 0.3905 0.5086666666666667 0.031 0.024
33 0.092 0.5086666666666667 0.029 0.02666666666666667
33 0.4455 0.5093333333333333 0.027 0.024
33 0.594 0.51 0.038 0.029333333333333333
33 0.52 0.5106666666666667 0.049 0.037333333333333336
33 0.2005 0.5106666666666667 0.03 0.025333333333333333
33 0.3315 0.5106666666666667 0.031 0.024
33 0.139 0.512 0.028 0.02666666666666667
33 0.2605 0.514 0.031 0.024
34 0.0845 0.5486666666666666 0.026 0.02666666666666667
34 0.1435 0.5513333333333333 0.028 0.02666666666666667
34 0.2015 0.5526666666666666 0.034 0.024
34 0.2535 0.5566666666666666 0.022 0.028
34 0.3145 0.56 0.024 0.028
34 0.375 0.562 0.026 0.034666666666666665
34 0.4585 0.566 0.035 0.03866666666666667
34 0.546 0.5673333333333334 0.028 0.028
34 0.6995 0.5706666666666667 0.031 0.036
34 0.6215 0.572 0.038 0.04133333333333333
34 0.7745 0.5726666666666667 0.036 0.037333333333333336
34 0.832 0.5733333333333334 0.042 0.04133333333333333
35 0.0805 0.5893333333333334 0.042 0.030666666666666665
35 0.1555 0.5913333333333334 0.036 0.028
35 0.225 0.5973333333333334 0.042 0.028
35 0.31 0.6026666666666667 0.05 0.028
35 0.3865 0.6033333333333334 0.042 0.021333333333333333
35 0.486 0.6106666666666667 0.05 0.034666666666666665
35 0.5615 0.614 0.05 0.030666666666666665
35 0.6465 0.62 0.043 0.029333333333333333
35 0.725 0.626 0.042 0.029333333333333333
35 0.8025 0.6313333333333333 0.048 0.032
35 0.859 0.634 0.035 0.03333333333333333
26 0.7705 0.22933333333333333 0.04 0.02266666666666667
26 0.7025 0.23 0.038 0.024
26 0.8345 0.23066666666666666 0.04 0.02666666666666667
26 0.632 0.232 0.033 0.029333333333333333
26 0.564 0.234 0.034 0.02266666666666667
26 0.4955 0.23666666666666666 0.03 0.021333333333333333
26 0.43 0.238 0.031 0.024
10 0.3515 0.242 0.02 0.028
10 0.282 0.24733333333333332 0.017 0.028