7 0.2855 0.43733333333333335 0.067 0.156
6 0.354 0.45066666666666666 0.087 0.14666666666666667
23 0.2145 0.45466666666666666 0.092 0.204
1 0.413 0.456 0.075 0.096
3 0.5175 0.6186666666666667 0.027 0.06533333333333333
4 0.5525 0.6206666666666667 0.031 0.06266666666666666
2 0.407 0.6266666666666667 0.043 0.076
0 0.3395 0.6293333333333333 0.055 0.06933333333333333
5 0.581 0.6306666666666667 0.027 0.06666666666666667
9 0.668 0.6306666666666667 0.032 0.06933333333333333
10 0.6335 0.6333333333333333 0.034 0.07733333333333334
1 0.442 0.636 0.03 0.04133333333333333
1 0.472 0.6373333333333333 0.031 0.04133333333333333
1 0.7165 0.642 0.039 0.04933333333333333
0 0.8525 0.6453333333333333 0.037 0.050666666666666665
3 0.755 0.646 0.043 0.07333333333333333
0 0.8045 0.646 0.039 0.04666666666666667