3 0.482 0.4266666666666667 0.05 0.10666666666666667
4 0.5395 0.4266666666666667 0.045 0.08933333333333333
8 0.7475 0.42733333333333334 0.057 0.11333333333333333
2 0.284 0.43066666666666664 0.067 0.09733333333333333
5 0.6045 0.432 0.051 0.12533333333333332
9 0.821 0.43266666666666664 0.061 0.13066666666666665
0 0.9625 0.434 0.051 0.07333333333333333
10 0.895 0.43466666666666665 0.063 0.14133333333333334
1 0.349 0.436 0.043 0.1
1 0.4045 0.436 0.044 0.08533333333333333
10 0.676 0.43933333333333335 0.064 0.128
0 0.2115 0.44666666666666666 0.041 0.06133333333333333
24 0.1295 0.46066666666666667 0.078 0.12533333333333332