0 0.0695 0.18733333333333332 0.139 0.10266666666666667
2 0.201 0.5026666666666667 0.061 0.10933333333333334
1 0.294 0.5126666666666667 0.0785 0.1
1 0.371 0.5173333333333333 0.071 0.086
0 0.089 0.5206666666666667 0.1055 0.12266666666666666
3 0.466 0.5246666666666666 0.08 0.11733333333333333
6 0.5635 0.5333333333333333 0.0705 0.12533333333333332
0 0.905 0.542 0.081 0.09733333333333333
4 0.645 0.5433333333333333 0.0715 0.13
3 0.7395 0.5446666666666666 0.078 0.12333333333333334
5 0.821 0.5506666666666666 0.0575 0.13466666666666666
2 0.552 0.9366666666666666 0.0605 0.03333333333333333
0 0.423 0.938 0.079 0.024
10 0.7435 0.9393333333333334 0.052 0.03333333333333333
1 0.654 0.9393333333333334 0.0675 0.03133333333333333
0 0.8435 0.9426666666666667 0.062 0.03133333333333333